1434224102.358153, -1.000000, 33
1434224102.361453, -1.000000, 33
1434224102.379371, 21.000000, 34
1434224102.403254, 25.000000, 35
1434224102.422704, 27.000000, 35
1434224102.443462, 25.000000, 36
1434224102.462438, -1.000000, 36
1434224102.483145, 27.000000, 36
1434224102.502128, -1.000000, 36
1434224102.523572, 25.000000, 36
1434224102.543747, -1.000000, 36
1434224102.565441, 26.000000, 37
1434224102.584499, -1.000000, 37
1434224102.605328, 26.000000, 37
1434224102.624438, -1.000000, 37
1434224102.643613, 24.000000, 37
1434224102.663659, -1.000000, 37
1434224102.683381, 24.000000, 37
1434224102.703578, -1.000000, 37
1434224102.725033, 26.000000, 37
1434224102.744575, -1.000000, 37
1434224102.765196, 26.000000, 37
1434224102.784195, -1.000000, 37
1434224102.804845, 25.000000, 37
1434224102.823927, -1.000000, 37
1434224102.845403, 27.000000, 37
1434224102.864486, -1.000000, 37
1434224102.885314, 26.000000, 37
1434224102.904350, -1.000000, 37
1434224102.925106, 26.000000, 37
1434224102.944113, -1.000000, 37
1434224102.965574, 25.000000, 37
1434224102.985825, -1.000000, 37
1434224103.007565, 26.000000, 37
1434224103.026645, -1.000000, 37
1434224103.047435, 26.000000, 37
1434224103.066392, -1.000000, 37
1434224103.087064, 27.000000, 38
1434224103.106196, -1.000000, 38
1434224103.127682, 25.000000, 38
1434224103.147792, -1.000000, 38
1434224103.169498, 26.000000, 38
1434224103.188601, -1.000000, 38
1434224103.209435, 26.000000, 38
1434224103.228435, -1.000000, 38
1434224103.249088, 27.000000, 38
1434224103.268233, -1.000000, 38
1434224103.289756, 26.000000, 38
1434224103.308823, -1.000000, 38
1434224103.330533, 26.000000, 38
1434224103.349680, -1.000000, 38
1434224103.370460, 26.000000, 38
1434224103.389460, -1.000000, 38
1434224103.410071, 27.000000, 38
1434224103.429215, -1.000000, 38
1434224103.449421, 25.000000, 38
1434224103.469479, -1.000000, 38
1434224103.490130, 27.000000, 38
1434224103.509256, -1.000000, 38
1434224103.530712, 26.000000, 38
1434224103.549777, -1.000000, 38
1434224103.571243, 26.000000, 38
1434224103.589934, -1.000000, 38
1434224103.611384, 26.000000, 38
1434224103.630277, -1.000000, 38
1434224103.651733, 26.000000, 38
1434224103.670517, -1.000000, 38
1434224103.691976, 26.000000, 38
1434224103.711802, -1.000000, 38
1434224103.733232, 25.000000, 38
1434224103.752070, -1.000000, 38
1434224103.773502, 26.000000, 38
1434224103.792342, -1.000000, 38
1434224103.813799, 26.000000, 38
1434224103.832632, -1.000000, 38
1434224103.854093, 26.000000, 38
1434224103.872936, -1.000000, 38
1434224103.893571, 25.000000, 38
1434224103.913634, -1.000000, 38
1434224103.934248, 27.000000, 38
1434224103.953172, -1.000000, 38
1434224103.974670, 25.000000, 38
1434224103.993937, -1.000000, 38
1434224104.015338, 26.000000, 38
1434224104.033980, -1.000000, 38
1434224104.055394, 26.000000, 38
1434224104.074135, -1.000000, 38
1434224104.095523, 26.000000, 38
1434224104.114517, -1.000000, 38
1434224104.135919, 27.000000, 38
1434224104.154699, -1.000000, 38
1434224104.176136, 25.000000, 38
1434224104.194895, -1.000000, 38
1434224104.216301, 26.000000, 38
1434224104.235252, -1.000000, 38
1434224104.256681, 26.000000, 38
1434224104.275363, -1.000000, 38
1434224104.296772, 26.000000, 38
1434224104.315790, -1.000000, 38
1434224104.337489, 26.000000, 38
1434224104.356730, -1.000000, 38
1434224104.374469, 26.000000, 38
1434224104.397584, -1.000000, 38
1434224104.417871, 27.000000, 38
1434224104.438115, 27.000000, 38
1434224104.455791, 23.000000, 38
1434224104.477421, 25.000000, 38
1434224104.499273, 27.000000, 38
1434224104.516309, 24.000000, 38
1434224104.537268, 24.000000, 38
1434224104.560720, 25.000000, 38
1434224104.577659, 27.000000, 38
1434224104.597228, 23.000000, 38
1434224104.617167, 25.000000, 38
1434224104.640158, 25.000000, 38
1434224104.657806, 26.000000, 38
1434224104.677843, 23.000000, 38
1434224104.697513, 26.000000, 38
1434224104.717494, 26.000000, 38
1434224104.737789, 26.000000, 38
1434224104.758008, 25.000000, 38
1434224104.779505, 26.000000, 38
1434224104.799708, 25.000000, 38
1434224104.819274, 25.000000, 38
1434224104.839447, 25.000000, 38
1434224104.859697, 26.000000, 38
1434224104.879255, 25.000000, 38
1434224104.900067, 27.000000, 38
1434224104.919967, 26.000000, 38
1434224104.942798, 27.000000, 38
1434224104.963128, 27.000000, 38
1434224104.983262, 26.000000, 38
1434224105.002846, 24.000000, 38
1434224105.023576, 26.000000, 38
1434224105.043361, 26.000000, 38
1434224105.063730, 25.000000, 38
1434224105.084126, 26.000000, 38
1434224105.104071, 27.000000, 38
1434224105.124694, 24.000000, 38
1434224105.144264, 25.000000, 38
1434224105.165915, 27.000000, 38
1434224105.185518, 26.000000, 38
1434224105.204970, 25.000000, 38
1434224105.225820, 25.000000, 38
1434224105.246649, 25.000000, 38
1434224105.266311, 27.000000, 38
1434224105.284333, 24.000000, 38
1434224105.306834, 25.000000, 38
1434224105.327213, 27.000000, 38
1434224105.345691, 24.000000, 38
1434224105.367884, 24.000000, 38
1434224105.388858, 26.000000, 38
1434224105.409079, 26.000000, 38
1434224105.429390, 26.000000, 38
1434224105.449592, 25.000000, 38
1434224105.469754, 25.000000, 38
1434224105.490262, 26.000000, 38
1434224105.510228, 27.000000, 38
1434224105.529825, 24.000000, 38
1434224105.549066, 25.000000, 38
1434224105.570701, 26.000000, 38
1434224105.590456, 26.000000, 38
1434224105.610616, 25.000000, 38
1434224105.629895, 25.000000, 38
1434224105.650209, 26.000000, 38
1434224105.667973, 25.000000, 38
1434224105.688634, 23.000000, 38
1434224105.710409, 26.000000, 38
1434224105.730684, 25.000000, 38
1434224105.751097, 26.000000, 38
1434224105.770752, 25.000000, 38
1434224105.791606, 26.000000, 38
1434224105.810922, 26.000000, 38
1434224105.831069, 27.000000, 38
1434224105.850197, -1.000000, 38
1434224105.871648, 25.000000, 38
1434224105.891805, -1.000000, 38
1434224105.913509, 26.000000, 38
1434224105.932583, -1.000000, 38
1434224105.953414, 26.000000, 38
1434224105.972452, -1.000000, 38
1434224105.991823, 25.000000, 38
1434224106.012860, -1.000000, 38
1434224106.034391, 27.000000, 38
1434224106.053589, -1.000000, 38
1434224106.074215, 26.000000, 38
1434224106.093250, -1.000000, 38
1434224106.114082, 26.000000, 38
1434224106.133014, -1.000000, 38
1434224106.154628, 25.000000, 38
1434224106.174918, -1.000000, 38
1434224106.196598, 26.000000, 38
1434224106.215704, -1.000000, 38
1434224106.236516, 26.000000, 38
1434224106.255513, -1.000000, 38
1434224106.273230, 26.000000, 38
1434224106.295145, -1.000000, 38
1434224106.314848, 24.000000, 38
1434224106.335632, 23.000000, 38
1434224106.355804, 24.000000, 38
1434224106.375946, 25.000000, 38
1434224106.395681, 24.000000, 38
1434224106.416276, 24.000000, 38
1434224106.437808, 27.000000, 38
1434224106.457937, 25.000000, 38
1434224106.475767, 26.000000, 38
1434224106.495317, 24.000000, 38
1434224106.518354, 27.000000, 38
1434224106.538507, 27.000000, 38
1434224106.554659, 22.000000, 38
1434224106.575558, 25.000000, 38
1434224106.598399, 27.000000, 38
1434224106.618324, 27.000000, 38
1434224106.636013, 26.000000, 38
1434224106.655757, 24.000000, 38
1434224106.677497, 25.000000, 38
1434224106.698821, 25.000000, 38
1434224106.716616, 26.000000, 38
1434224106.736689, 25.000000, 38
1434224106.757237, 26.000000, 38
1434224106.780551, 26.000000, 38
1434224106.797453, 27.000000, 38
1434224106.818550, 26.000000, 38
1434224106.837383, 25.000000, 38
1434224106.857599, 25.000000, 38
1434224106.878034, 27.000000, 38
1434224106.897307, 25.000000, 38
1434224106.917457, 25.000000, 38
1434224106.938151, 24.000000, 38
1434224106.957603, 26.000000, 38
1434224106.977898, 25.000000, 38
1434224106.998060, 27.000000, 38
1434224107.017672, 26.000000, 38
1434224107.037441, 26.000000, 38
1434224107.057279, 25.000000, 38
1434224107.077795, 26.000000, 38
1434224107.100266, 25.000000, 38
1434224107.118065, 27.000000, 38
1434224107.137576, 24.000000, 38
1434224107.157847, 25.000000, 38
1434224107.177347, 25.000000, 38
1434224107.198182, 27.000000, 38
1434224107.217318, 25.000000, 38
1434224107.237417, 25.000000, 38
1434224107.258212, 25.000000, 38
1434224107.278789, 26.000000, 38
1434224107.299029, 26.000000, 38
1434224107.318850, 26.000000, 38
1434224107.339223, 25.000000, 38
1434224107.359488, 26.000000, 38
1434224107.379618, 26.000000, 38
1434224107.402932, 28.000000, 38
1434224107.423929, 29.000000, 38
1434224107.443119, 25.000000, 38
1434224107.463082, 25.000000, 38
1434224107.483193, 26.000000, 38
1434224107.503004, 26.000000, 38
1434224107.523261, 26.000000, 38
1434224107.542901, 25.000000, 38
1434224107.563364, 26.000000, 38
1434224107.583811, 24.000000, 38
1434224107.604356, 26.000000, 38
1434224107.624627, 26.000000, 38
1434224107.644461, 26.000000, 38
1434224107.664617, 26.000000, 38
1434224107.684375, 26.000000, 38
1434224107.704517, 26.000000, 38
1434224107.724308, 26.000000, 38
1434224107.744437, 26.000000, 38
1434224107.764168, 26.000000, 38
1434224107.784451, 26.000000, 38
1434224107.804217, 26.000000, 38
1434224107.824286, 26.000000, 38
1434224107.844260, 26.000000, 38
1434224107.864198, 26.000000, 38
1434224107.884320, 26.000000, 38
1434224107.904135, 26.000000, 38
1434224107.924285, 26.000000, 38
1434224107.944187, 26.000000, 38
1434224107.964163, 26.000000, 38
1434224107.984107, 26.000000, 38
1434224108.004180, 26.000000, 38
1434224108.023995, 26.000000, 38
1434224108.044178, 26.000000, 38
1434224108.063891, 25.000000, 38
1434224108.083928, 25.000000, 38
1434224108.103827, 24.000000, 38
1434224108.123897, 25.000000, 38
1434224108.144781, 25.000000, 38
1434224108.165037, 25.000000, 38
1434224108.185634, 26.000000, 38
1434224108.205080, 26.000000, 38
1434224108.225560, 26.000000, 38
1434224108.245129, 26.000000, 38
1434224108.265424, 26.000000, 38
1434224108.285216, 26.000000, 38
1434224108.305242, 26.000000, 38
1434224108.325175, 26.000000, 38
1434224108.345241, 26.000000, 38
1434224108.365126, 26.000000, 38
1434224108.385232, 26.000000, 38
1434224108.405126, 26.000000, 38
1434224108.425154, 26.000000, 38
1434224108.445149, 26.000000, 38
1434224108.465075, 26.000000, 38
1434224108.485114, 26.000000, 38
1434224108.505019, 26.000000, 38
1434224108.525113, 26.000000, 38
1434224108.544937, 25.000000, 38
1434224108.565028, 25.000000, 38
1434224108.584890, 24.000000, 38
1434224108.605035, 25.000000, 38
1434224108.624849, 25.000000, 38
1434224108.644944, 25.000000, 38
1434224108.664877, 25.000000, 38
1434224108.684855, 24.000000, 38
1434224108.705791, 25.000000, 38
1434224108.725972, 26.000000, 38
1434224108.746677, 26.000000, 38
1434224108.763750, 23.000000, 38
1434224108.784168, 24.000000, 38
1434224108.807040, 26.000000, 38
1434224108.828025, 28.000000, 38
1434224108.847334, 25.000000, 38
1434224108.867157, 25.000000, 38
1434224108.887441, 26.000000, 38
1434224108.906922, 25.000000, 38
1434224108.927472, 26.000000, 38
1434224108.946949, 25.000000, 38
1434224108.967368, 26.000000, 38
1434224108.986925, 25.000000, 38
1434224109.007346, 26.000000, 38
1434224109.026968, 25.000000, 38
1434224109.047206, 26.000000, 38
1434224109.066997, 25.000000, 38
1434224109.087092, 26.000000, 38
1434224109.107794, 24.000000, 38
1434224109.128185, 26.000000, 38
1434224109.148673, 26.000000, 38
1434224109.168309, 26.000000, 38
1434224109.188018, 26.000000, 38
1434224109.207821, 25.000000, 38
1434224109.227489, 24.000000, 38
1434224109.248420, 25.000000, 38
1434224109.270028, 27.000000, 38
1434224109.289258, 26.000000, 38
1434224109.309159, 25.000000, 38
1434224109.329218, 26.000000, 38
1434224109.349146, 26.000000, 38
1434224109.369209, 26.000000, 38
1434224109.389090, 26.000000, 38
1434224109.409070, 26.000000, 38
1434224109.428995, 25.000000, 38
1434224109.449120, 26.000000, 38
1434224109.468942, 25.000000, 38
1434224109.489029, 26.000000, 38
1434224109.508953, 25.000000, 38
1434224109.528948, 25.000000, 38
1434224109.549864, 24.000000, 38
1434224109.569987, 25.000000, 38
1434224109.590869, 25.000000, 38
1434224109.610879, 24.000000, 38
1434224109.631838, 25.000000, 38
1434224109.651894, 26.000000, 38
1434224109.672728, 26.000000, 38
1434224109.691974, 26.000000, 38
1434224109.712615, 26.000000, 38
1434224109.732035, 26.000000, 38
1434224109.752431, 26.000000, 38
1434224109.772029, 26.000000, 38
1434224109.792368, 26.000000, 38
1434224109.811988, 26.000000, 38
1434224109.832249, 26.000000, 38
1434224109.852002, 26.000000, 38
1434224109.872078, 26.000000, 38
1434224109.892733, 24.000000, 38
1434224109.913115, 24.000000, 38
1434224109.934929, 26.000000, 38
1434224109.955909, 27.000000, 38
1434224109.975181, 25.000000, 38
1434224109.995072, 25.000000, 38
1434224110.015237, 26.000000, 38
1434224110.034925, 26.000000, 38
1434224110.055169, 26.000000, 38
1434224110.075099, 26.000000, 38
1434224110.095062, 26.000000, 38
1434224110.114997, 26.000000, 38
1434224110.134956, 25.000000, 38
1434224110.154975, 25.000000, 38
1434224110.174945, 25.000000, 38
1434224110.194926, 25.000000, 38
1434224110.214916, 25.000000, 38
1434224110.234910, 25.000000, 38
1434224110.254804, 24.000000, 38
1434224110.276403, 25.000000, 38
1434224110.295917, 26.000000, 38
1434224110.316642, 25.000000, 38
1434224110.335897, 25.000000, 38
1434224110.356555, 26.000000, 38
1434224110.375874, 24.000000, 38
1434224110.396411, 26.000000, 38
1434224110.415915, 26.000000, 38
1434224110.436276, 26.000000, 38
1434224110.455903, 25.000000, 38
1434224110.476164, 26.000000, 38
1434224110.495859, 24.000000, 38
1434224110.515993, 25.000000, 38
1434224110.535836, 25.000000, 38
1434224110.556808, 24.000000, 38
1434224110.576981, 26.000000, 38
1434224110.597686, 26.000000, 38
1434224110.617071, 25.000000, 38
1434224110.633939, 25.000000, 38
1434224110.655550, 23.000000, 38
1434224110.675834, 23.000000, 38
1434224110.695873, 23.000000, 38
1434224110.715845, 24.000000, 38
1434224110.735931, 25.000000, 38
1434224110.755846, 24.000000, 38
1434224110.775921, 24.000000, 38
1434224110.795801, 24.000000, 38
1434224110.816023, 23.000000, 38
1434224110.837617, 25.000000, 38
1434224110.857935, 25.000000, 38
1434224110.878760, 24.000000, 38
1434224110.897180, 24.000000, 38
1434224110.917668, 26.000000, 38
1434224110.938128, 26.000000, 38
1434224110.957431, 25.000000, 38
1434224110.978303, 25.000000, 38
1434224110.998510, 26.000000, 38
1434224111.019354, 25.000000, 38
1434224111.039658, 26.000000, 38
1434224111.059618, 26.000000, 38
1434224111.082826, 27.000000, 38
1434224111.103812, 28.000000, 38
1434224111.123076, 26.000000, 38
1434224111.143148, 26.000000, 38
1434224111.162973, 25.000000, 38
1434224111.183159, 26.000000, 38
1434224111.202983, 25.000000, 38
1434224111.223026, 26.000000, 38
1434224111.242887, 24.000000, 38
1434224111.263034, 26.000000, 38
1434224111.283799, 25.000000, 38
1434224111.303905, 25.000000, 38
1434224111.324814, 25.000000, 38
1434224111.345749, 24.000000, 38
1434224111.367339, 26.000000, 38
1434224111.387667, 26.000000, 38
1434224111.406640, 24.000000, 38
1434224111.427605, 26.000000, 38
1434224111.447619, 26.000000, 38
1434224111.467491, 26.000000, 38
1434224111.487618, 26.000000, 38
1434224111.507480, 26.000000, 38
1434224111.527547, 26.000000, 38
1434224111.547502, 26.000000, 38
1434224111.567457, 26.000000, 38
1434224111.587515, 26.000000, 38
1434224111.607458, 26.000000, 38
1434224111.627338, 26.000000, 38
1434224111.647437, 26.000000, 38
1434224111.667338, 26.000000, 38
1434224111.687369, 26.000000, 38
1434224111.707354, 26.000000, 38
1434224111.727282, 26.000000, 38
1434224111.747315, 26.000000, 38
1434224111.767252, 26.000000, 38
1434224111.787272, 26.000000, 38
1434224111.807190, 26.000000, 38
1434224111.827252, 26.000000, 38
1434224111.847175, 26.000000, 38
1434224111.867179, 26.000000, 38
1434224111.887107, 26.000000, 38
1434224111.907147, 26.000000, 38
1434224111.927117, 26.000000, 38
1434224111.947033, 26.000000, 38
1434224111.967035, 25.000000, 38
1434224111.987047, 26.000000, 38
1434224112.006961, 25.000000, 38
1434224112.026968, 25.000000, 38
1434224112.046981, 25.000000, 38
1434224112.067854, 24.000000, 38
1434224112.088024, 25.000000, 38
1434224112.108498, 26.000000, 38
1434224112.128604, 24.000000, 38
1434224112.149418, 26.000000, 38
1434224112.169531, 26.000000, 38
1434224112.189269, 26.000000, 38
1434224112.209544, 26.000000, 38
1434224112.229297, 26.000000, 38
1434224112.249494, 26.000000, 38
1434224112.269340, 26.000000, 38
1434224112.289266, 26.000000, 38
1434224112.309324, 26.000000, 38
1434224112.329253, 26.000000, 38
1434224112.349304, 26.000000, 38
1434224112.369294, 26.000000, 38
1434224112.389134, 26.000000, 38
1434224112.409186, 26.000000, 38
1434224112.429146, 26.000000, 38
1434224112.449087, 26.000000, 38
1434224112.469108, 26.000000, 38
1434224112.489039, 26.000000, 38
1434224112.509083, 26.000000, 38
1434224112.528965, 25.000000, 38
1434224112.549074, 26.000000, 38
1434224112.568897, 25.000000, 38
1434224112.588645, 24.000000, 38
1434224112.610258, 25.000000, 38
1434224112.630576, 26.000000, 38
1434224112.650629, 25.000000, 38
1434224112.670539, 26.000000, 38
1434224112.688491, 24.000000, 38
1434224112.710816, 26.000000, 38
1434224112.730263, 27.000000, 38
1434224112.747770, 22.000000, 38
1434224112.770182, 26.000000, 38
1434224112.791164, 27.000000, 38
1434224112.811459, 25.000000, 38
1434224112.831410, 25.000000, 38
1434224112.851330, 26.000000, 38
1434224112.871474, 26.000000, 38
1434224112.891279, 26.000000, 38
1434224112.911317, 26.000000, 38
1434224112.931243, 26.000000, 38
1434224112.951300, 26.000000, 38
1434224112.971189, 26.000000, 38
1434224112.991323, 26.000000, 38
1434224113.011161, 26.000000, 38
1434224113.031193, 26.000000, 38
1434224113.051162, 26.000000, 38
1434224113.071051, 25.000000, 38
1434224113.091073, 26.000000, 38
1434224113.111102, 26.000000, 38
1434224113.130991, 25.000000, 38
1434224113.151162, 26.000000, 38
1434224113.170947, 25.000000, 38
1434224113.191120, 26.000000, 38
1434224113.210930, 25.000000, 38
1434224113.231000, 25.000000, 38
1434224113.251858, 24.000000, 38
1434224113.271901, 25.000000, 38
1434224113.292808, 25.000000, 38
1434224113.312931, 25.000000, 38
1434224113.333758, 26.000000, 38
1434224113.352986, 25.000000, 38
1434224113.373642, 26.000000, 38
1434224113.393094, 26.000000, 38
1434224113.413507, 26.000000, 38
1434224113.433177, 26.000000, 38
1434224113.453314, 26.000000, 38
1434224113.473173, 26.000000, 38
1434224113.493345, 26.000000, 38
1434224113.513019, 25.000000, 38
1434224113.533300, 26.000000, 38
1434224113.552956, 26.000000, 38
1434224113.572066, 24.000000, 38
1434224113.593028, 25.000000, 38
1434224113.613096, 26.000000, 38
1434224113.633918, 25.000000, 38
1434224113.654124, 26.000000, 38
1434224113.674881, 24.000000, 38
1434224113.695165, 26.000000, 38
1434224113.715803, 25.000000, 38
1434224113.736178, 26.000000, 38
1434224113.756709, 26.000000, 38
1434224113.776239, 26.000000, 38
1434224113.796644, 26.000000, 38
1434224113.816217, 26.000000, 38
1434224113.836635, 26.000000, 38
1434224113.856118, 26.000000, 38
1434224113.876561, 26.000000, 38
1434224113.896136, 26.000000, 38
1434224113.916395, 26.000000, 38
1434224113.936177, 26.000000, 38
1434224113.956298, 26.000000, 38
1434224113.976104, 26.000000, 38
1434224113.996282, 26.000000, 38
1434224114.016024, 26.000000, 38
1434224114.036082, 26.000000, 38
1434224114.055931, 25.000000, 38
1434224114.075953, 25.000000, 38
1434224114.096890, 24.000000, 38
1434224114.117128, 26.000000, 38
1434224114.137717, 26.000000, 38
1434224114.155275, 25.000000, 38
1434224114.175474, 25.000000, 38
1434224114.198440, 26.000000, 38
1434224114.219430, 27.000000, 38
1434224114.236469, 23.000000, 38
1434224114.256611, 25.000000, 38
1434224114.279173, 25.000000, 38
1434224114.296431, 25.000000, 38
1434224114.316780, 24.000000, 38
1434224114.339904, 25.000000, 38
1434224114.357677, 27.000000, 38
1434224114.377773, 23.000000, 38
1434224114.398285, 25.000000, 38
1434224114.418632, 26.000000, 38
1434224114.439253, 26.000000, 38
1434224114.458600, 26.000000, 38
1434224114.478690, 26.000000, 38
1434224114.499033, 26.000000, 38
1434224114.518684, 26.000000, 38
1434224114.538448, 25.000000, 38
1434224114.558660, 25.000000, 38
1434224114.579106, 26.000000, 38
1434224114.598616, 26.000000, 38
1434224114.618533, 26.000000, 38
1434224114.639030, 26.000000, 38
1434224114.658622, 26.000000, 38
1434224114.678424, 25.000000, 38
1434224114.699116, 26.000000, 38
1434224114.718556, 26.000000, 38
1434224114.738467, 25.000000, 38
1434224114.759069, 26.000000, 38
1434224114.778638, 26.000000, 38
1434224114.798418, 25.000000, 38
1434224114.819046, 26.000000, 38
1434224114.838631, 26.000000, 38
1434224114.858367, 25.000000, 38
1434224114.879224, 26.000000, 38
1434224114.898474, 25.000000, 38
1434224114.918571, 26.000000, 38
1434224114.938858, 25.000000, 38
1434224114.958620, 26.000000, 38
1434224114.978889, 26.000000, 38
1434224114.998654, 26.000000, 38
1434224115.018927, 27.000000, 38
1434224115.038149, 26.000000, 38
1434224115.059158, 24.000000, 38
1434224115.078666, 23.000000, 38
1434224115.098449, 24.000000, 38
1434224115.119255, 25.000000, 38
1434224115.139476, 25.000000, 38
1434224115.159531, 26.000000, 38
1434224115.180037, 26.000000, 38
1434224115.202974, 28.000000, 38
1434224115.223935, 28.000000, 38
1434224115.243179, 25.000000, 38
1434224115.263046, 25.000000, 38
1434224115.283248, 26.000000, 38
1434224115.303002, 25.000000, 38
1434224115.323090, 26.000000, 38
1434224115.343019, 25.000000, 38
1434224115.362951, 25.000000, 38
1434224115.382916, 25.000000, 38
1434224115.403879, 24.000000, 38
1434224115.425473, 25.000000, 38
1434224115.445731, 26.000000, 38
1434224115.465571, 25.000000, 38
1434224115.485736, 26.000000, 38
1434224115.505525, 26.000000, 38
1434224115.525627, 26.000000, 38
1434224115.545287, 26.000000, 38
1434224115.565402, 26.000000, 38
1434224115.584919, 26.000000, 38
1434224115.605005, 26.000000, 38
1434224115.625607, 24.000000, 38
1434224115.646967, 25.000000, 38
1434224115.667753, 26.000000, 38
1434224115.687090, 25.000000, 38
1434224115.706768, 24.000000, 38
1434224115.726948, 25.000000, 38
1434224115.747797, 26.000000, 38
1434224115.766947, 25.000000, 38
1434224115.787772, 26.000000, 38
1434224115.807033, 25.000000, 38
1434224115.827639, 26.000000, 38
1434224115.847139, 26.000000, 38
1434224115.867506, 26.000000, 38
1434224115.887174, 26.000000, 38
1434224115.907443, 26.000000, 38
1434224115.927165, 26.000000, 38
1434224115.947249, 26.000000, 38
1434224115.967194, 26.000000, 38
1434224115.987137, 26.000000, 38
1434224116.007094, 26.000000, 38
1434224116.027067, 26.000000, 38
1434224116.047076, 25.000000, 38
1434224116.066996, 25.000000, 38
1434224116.087120, 26.000000, 38
1434224116.106949, 25.000000, 38
1434224116.127004, 25.000000, 38
1434224116.147901, 25.000000, 38
1434224116.169465, 25.000000, 38
1434224116.188931, 25.000000, 38
1434224116.209819, 25.000000, 38
1434224116.228928, 25.000000, 38
1434224116.249792, 25.000000, 38
1434224116.271395, 25.000000, 38
1434224116.291707, 26.000000, 38
1434224116.311498, 25.000000, 38
1434224116.331642, 26.000000, 38
1434224116.351455, 26.000000, 38
1434224116.371542, 26.000000, 38
1434224116.391395, 26.000000, 38
1434224116.411522, 26.000000, 38
1434224116.431344, 26.000000, 38
1434224116.451431, 26.000000, 38
1434224116.471364, 26.000000, 38
1434224116.491065, 26.000000, 38
1434224116.511050, 26.000000, 38
1434224116.531093, 26.000000, 38
1434224116.551833, 24.000000, 38
1434224116.572070, 26.000000, 38
1434224116.592754, 26.000000, 38
1434224116.612041, 26.000000, 38
1434224116.632693, 26.000000, 38
1434224116.652059, 26.000000, 38
1434224116.672597, 26.000000, 38
1434224116.692121, 26.000000, 38
1434224116.712444, 26.000000, 38
1434224116.732200, 26.000000, 38
1434224116.752357, 26.000000, 38
1434224116.772189, 26.000000, 38
1434224116.792224, 26.000000, 38
1434224116.812212, 26.000000, 38
1434224116.832097, 26.000000, 38
1434224116.852103, 26.000000, 38
1434224116.871973, 25.000000, 38
1434224116.892032, 25.000000, 38
1434224116.911924, 25.000000, 38
1434224116.932031, 25.000000, 38
1434224116.952915, 25.000000, 38
1434224116.972979, 25.000000, 38
1434224116.993905, 25.000000, 38
1434224117.014873, 24.000000, 38
1434224117.034805, 24.000000, 38
1434224117.056364, 26.000000, 38
1434224117.077324, 26.000000, 38
1434224117.097226, 25.000000, 38
1434224117.117540, 25.000000, 38
1434224117.134289, 25.000000, 38
1434224117.155201, 25.000000, 38
1434224117.178425, 26.000000, 38
1434224117.198173, 27.000000, 38
1434224117.215537, 25.000000, 38
1434224117.235849, 25.000000, 38
1434224117.258760, 26.000000, 38
1434224117.276309, 28.000000, 38
1434224117.295336, 24.000000, 38
1434224117.318245, 26.000000, 38
1434224117.339256, 28.000000, 38
1434224117.355467, 23.000000, 38
1434224117.375716, 24.000000, 38
1434224117.399139, 25.000000, 38
1434224117.416842, 26.000000, 38
1434224117.436892, 26.000000, 38
1434224117.459209, 26.000000, 38
1434224117.476634, 24.000000, 38
1434224117.496992, 25.000000, 38
1434224117.520027, 25.000000, 38
1434224117.537756, 26.000000, 38
1434224117.557529, 23.000000, 38
1434224117.577973, 23.000000, 38
1434224117.598130, 25.000000, 38
1434224117.617875, 25.000000, 38
1434224117.638235, 26.000000, 38
1434224117.657997, 27.000000, 38
1434224117.678189, 26.000000, 38
1434224117.698045, 26.000000, 38
1434224117.718097, 26.000000, 38
1434224117.738054, 26.000000, 38
1434224117.758214, 26.000000, 38
1434224117.778088, 26.000000, 38
1434224117.798264, 26.000000, 38
1434224117.818222, 25.000000, 38
1434224117.840230, 26.000000, 38
1434224117.862655, 27.000000, 38
1434224117.883610, 27.000000, 38
1434224117.903819, 24.000000, 38
1434224117.923976, 25.000000, 38
1434224117.944755, 26.000000, 38
1434224117.963976, 25.000000, 38
1434224117.984743, 26.000000, 38
1434224118.003989, 25.000000, 38
1434224118.024644, 26.000000, 38
1434224118.043934, 25.000000, 38
1434224118.064521, 26.000000, 38
1434224118.084008, 25.000000, 38
1434224118.104457, 26.000000, 38
1434224118.124018, 25.000000, 38
1434224118.144304, 26.000000, 38
1434224118.164008, 26.000000, 38
1434224118.184103, 26.000000, 38
1434224118.203990, 25.000000, 38
1434224118.223938, 25.000000, 38
1434224118.244815, 24.000000, 38
1434224118.265128, 24.000000, 38
1434224118.286986, 26.000000, 38
1434224118.307968, 27.000000, 38
1434224118.327275, 25.000000, 38
1434224118.347183, 25.000000, 38
1434224118.367227, 26.000000, 38
1434224118.387163, 26.000000, 38
1434224118.407199, 26.000000, 38
1434224118.427109, 26.000000, 38
1434224118.447184, 26.000000, 38
1434224118.467124, 25.000000, 38
1434224118.487157, 26.000000, 38
1434224118.507119, 26.000000, 38
1434224118.527007, 25.000000, 38
1434224118.547082, 26.000000, 38
1434224118.567013, 25.000000, 38
1434224118.587055, 25.000000, 38
1434224118.606949, 25.000000, 38
1434224118.627012, 25.000000, 38
1434224118.647925, 25.000000, 38
1434224118.668061, 25.000000, 38
1434224118.688864, 25.000000, 38
1434224118.708027, 25.000000, 38
1434224118.728803, 25.000000, 38
1434224118.749111, 25.000000, 38
1434224118.769792, 26.000000, 38
1434224118.789107, 26.000000, 38
1434224118.809689, 26.000000, 38
1434224118.829128, 26.000000, 38
1434224118.849627, 26.000000, 38
1434224118.869129, 26.000000, 38
1434224118.889569, 26.000000, 38
1434224118.909126, 26.000000, 38
1434224118.929465, 26.000000, 38
1434224118.949133, 26.000000, 38
1434224118.969319, 26.000000, 38
1434224118.989091, 25.000000, 38
1434224119.009303, 26.000000, 38
1434224119.029064, 25.000000, 38
1434224119.049144, 26.000000, 38
1434224119.068681, 24.000000, 38
1434224119.089145, 26.000000, 38
1434224119.109811, 26.000000, 38
1434224119.128979, 25.000000, 38
1434224119.149827, 26.000000, 38
1434224119.169055, 25.000000, 38
1434224119.189731, 26.000000, 38
1434224119.209090, 25.000000, 38
1434224119.229663, 26.000000, 38
1434224119.249111, 26.000000, 38
1434224119.269596, 26.000000, 38
1434224119.289158, 26.000000, 38
1434224119.309455, 26.000000, 38
1434224119.329238, 26.000000, 38
1434224119.349288, 26.000000, 38
1434224119.369206, 26.000000, 38
1434224119.389260, 26.000000, 38
1434224119.409205, 26.000000, 38
1434224119.429190, 26.000000, 38
1434224119.449239, 26.000000, 38
1434224119.469121, 26.000000, 38
1434224119.489186, 26.000000, 38
1434224119.509096, 26.000000, 38
1434224119.529010, 25.000000, 38
1434224119.548720, 24.000000, 38
1434224119.567721, 22.000000, 38
1434224119.588689, 24.000000, 38
1434224119.611079, 26.000000, 38
1434224119.632062, 28.000000, 38
1434224119.649587, 23.000000, 38
1434224119.671519, 25.000000, 38
1434224119.690985, 26.000000, 38
1434224119.710521, 24.000000, 38
1434224119.731074, 25.000000, 38
1434224119.751567, 26.000000, 38
1434224119.771858, 24.000000, 38
1434224119.792632, 26.000000, 38
1434224119.812746, 26.000000, 38
1434224119.832639, 26.000000, 38
1434224119.852549, 26.000000, 38
1434224119.872509, 26.000000, 38
1434224119.892132, 26.000000, 38
1434224119.911924, 26.000000, 38
1434224119.931600, 24.000000, 38
1434224119.953240, 25.000000, 38
1434224119.974200, 27.000000, 38
1434224119.993368, 25.000000, 38
1434224120.013442, 25.000000, 38
1434224120.033254, 26.000000, 38
1434224120.053353, 26.000000, 38
1434224120.073327, 26.000000, 38
1434224120.093125, 26.000000, 38
1434224120.113348, 26.000000, 38
1434224120.133062, 26.000000, 38
1434224120.153171, 26.000000, 38
1434224120.173206, 26.000000, 38
1434224120.193136, 26.000000, 38
1434224120.213182, 26.000000, 38
1434224120.233073, 26.000000, 38
1434224120.253085, 25.000000, 38
1434224120.273216, 26.000000, 38
1434224120.293063, 25.000000, 38
1434224120.313113, 25.000000, 38
1434224120.333186, 26.000000, 38
1434224120.353074, 25.000000, 38
1434224120.373096, 25.000000, 38
1434224120.393056, 25.000000, 38
1434224120.413059, 25.000000, 38
1434224120.432980, 25.000000, 38
1434224120.453084, 25.000000, 38
1434224120.474020, 25.000000, 38
1434224120.493960, 25.000000, 38
1434224120.513990, 25.000000, 38
1434224120.534957, 25.000000, 38
1434224120.554499, 24.000000, 38
1434224120.575965, 25.000000, 38
1434224120.596915, 27.000000, 38
1434224120.616367, 25.000000, 38
1434224120.636019, 24.000000, 38
1434224120.656388, 26.000000, 38
1434224120.676045, 25.000000, 38
1434224120.696321, 26.000000, 38
1434224120.715945, 25.000000, 38
1434224120.736148, 26.000000, 38
1434224120.756947, 25.000000, 38
1434224120.777010, 25.000000, 38
1434224120.796958, 25.000000, 38
1434224120.817870, 24.000000, 38
1434224120.839483, 25.000000, 38
1434224120.856015, 25.000000, 38
1434224120.876964, 26.000000, 38
1434224120.899826, 25.000000, 38
1434224120.917344, 25.000000, 38
1434224120.937387, 26.000000, 38
1434224120.959651, 24.000000, 38
1434224120.978269, 25.000000, 38
1434224120.998449, 24.000000, 38
1434224121.018723, 25.000000, 38
1434224121.038022, 25.000000, 38
1434224121.060062, 27.000000, 38
1434224121.079026, 26.000000, 38
1434224121.099354, 24.000000, 38
1434224121.120095, 26.000000, 38
1434224121.143068, 28.000000, 38
1434224121.163979, 28.000000, 38
1434224121.183230, 25.000000, 38
1434224121.203196, 25.000000, 38
1434224121.223206, 26.000000, 38
1434224121.243134, 26.000000, 38
1434224121.263226, 26.000000, 38
1434224121.283038, 25.000000, 38
1434224121.302951, 26.000000, 38
1434224121.323023, 25.000000, 38
1434224121.343025, 25.000000, 38
1434224121.363024, 25.000000, 38
1434224121.383043, 25.000000, 38
1434224121.403039, 25.000000, 38
1434224121.423865, 24.000000, 38
1434224121.443863, 24.000000, 38
1434224121.464855, 26.000000, 38
1434224121.484964, 26.000000, 38
1434224121.505574, 26.000000, 38
1434224121.524754, 24.000000, 38
1434224121.545241, 26.000000, 38
1434224121.565611, 26.000000, 38
1434224121.584889, 26.000000, 38
1434224121.605310, 26.000000, 38
1434224121.625708, 24.000000, 38
1434224121.645959, 26.000000, 38
1434224121.666542, 26.000000, 38
1434224121.686583, 24.000000, 38
1434224121.707372, 26.000000, 38
1434224121.725867, 24.000000, 38
1434224121.747346, 26.000000, 38
1434224121.768182, 26.000000, 38
1434224121.787931, 25.000000, 38
1434224121.808390, 25.000000, 38
1434224121.828662, 24.000000, 38
1434224121.849175, 26.000000, 38
1434224121.869387, 26.000000, 38
1434224121.888945, 26.000000, 38
1434224121.909266, 26.000000, 38
1434224121.929914, 25.000000, 38
1434224121.950208, 26.000000, 38
1434224121.970979, 25.000000, 38
1434224121.991071, 25.000000, 38
1434224122.011945, 25.000000, 38
1434224122.032006, 25.000000, 38
1434224122.052910, 25.000000, 38
1434224122.073808, 24.000000, 38
1434224122.095387, 26.000000, 38
1434224122.114863, 25.000000, 38
1434224122.134388, 24.000000, 38
1434224122.154776, 25.000000, 38
1434224122.175230, 26.000000, 38
1434224122.193923, 25.000000, 38
1434224122.215277, 25.000000, 38
1434224122.236225, 26.000000, 38
1434224122.255175, 25.000000, 38
1434224122.275574, 25.000000, 38
1434224122.295057, 26.000000, 38
1434224122.315337, 26.000000, 38
1434224122.334779, 24.000000, 38
1434224122.354970, 26.000000, 38
1434224122.375576, 26.000000, 38
1434224122.395798, 25.000000, 38
1434224122.415338, 26.000000, 38
1434224122.435904, 26.000000, 38
1434224122.456330, 26.000000, 38
1434224122.476865, 25.000000, 38
1434224122.496258, 26.000000, 38
1434224122.516789, 26.000000, 38
1434224122.536285, 26.000000, 38
1434224122.556571, 26.000000, 38
1434224122.576099, 25.000000, 38
1434224122.596670, 26.000000, 38
1434224122.616022, 25.000000, 38
1434224122.636649, 26.000000, 38
1434224122.656017, 25.000000, 38
1434224122.676603, 26.000000, 38
1434224122.695968, 25.000000, 38
1434224122.716539, 26.000000, 38
1434224122.736979, 25.000000, 38
1434224122.757492, 26.000000, 38
1434224122.778076, 25.000000, 38
1434224122.796323, 25.000000, 38
1434224122.817130, 26.000000, 38
1434224122.839646, 26.000000, 38
1434224122.856839, 25.000000, 38
1434224122.876583, 23.000000, 38
1434224122.899219, 25.000000, 38
1434224122.917074, 27.000000, 38
1434224122.936226, 23.000000, 38
1434224122.959654, 25.000000, 38
1434224122.977189, 27.000000, 38
1434224122.997376, 25.000000, 38
1434224123.020600, 25.000000, 38
1434224123.037430, 26.000000, 38
1434224123.058454, 23.000000, 38
1434224123.082274, 25.000000, 38
1434224123.099902, 28.000000, 38
1434224123.119479, 22.000000, 38
1434224123.139772, 25.000000, 38
1434224123.162962, 28.000000, 38
1434224123.183944, 29.000000, 38
1434224123.203098, 24.000000, 38
1434224123.223180, 25.000000, 38
1434224123.243092, 26.000000, 38
1434224123.262993, 25.000000, 38
1434224123.283180, 26.000000, 38
1434224123.303970, 25.000000, 38
1434224123.324099, 25.000000, 38
1434224123.344976, 25.000000, 38
1434224123.365036, 25.000000, 38
1434224123.384979, 25.000000, 38
1434224123.405917, 25.000000, 38
1434224123.427514, 25.000000, 38
1434224123.447841, 25.000000, 38
1434224123.466310, 24.000000, 38
1434224123.487936, 27.000000, 38
1434224123.507501, 26.000000, 38
1434224123.527046, 24.000000, 38
1434224123.547536, 26.000000, 38
1434224123.567822, 24.000000, 38
1434224123.588538, 26.000000, 38
1434224123.608809, 26.000000, 38
1434224123.628546, 26.000000, 38
1434224123.648731, 26.000000, 38
1434224123.668556, 26.000000, 38
1434224123.688647, 26.000000, 38
1434224123.708539, 26.000000, 38
1434224123.728612, 26.000000, 38
1434224123.748406, 26.000000, 38
1434224123.768609, 26.000000, 38
1434224123.788479, 26.000000, 38
1434224123.808440, 26.000000, 38
1434224123.828330, 26.000000, 38
1434224123.848473, 26.000000, 38
1434224123.868291, 26.000000, 38
1434224123.888389, 26.000000, 38
1434224123.908201, 26.000000, 38
1434224123.928182, 26.000000, 38
1434224123.948202, 26.000000, 38
1434224123.968125, 26.000000, 38
1434224123.988094, 25.000000, 38
1434224124.008139, 26.000000, 38
1434224124.027960, 25.000000, 38
1434224124.048079, 25.000000, 38
1434224124.067917, 25.000000, 38
1434224124.089507, 25.000000, 38
1434224124.109041, 25.000000, 38
1434224124.129850, 24.000000, 38
1434224124.149946, 25.000000, 38
1434224124.170797, 26.000000, 38
1434224124.190976, 25.000000, 38
1434224124.211181, 26.000000, 38
1434224124.231889, 24.000000, 38
1434224124.252249, 26.000000, 38
1434224124.272729, 26.000000, 38
1434224124.292274, 26.000000, 38
1434224124.312588, 26.000000, 38
1434224124.332273, 26.000000, 38
1434224124.352452, 26.000000, 38
1434224124.372181, 26.000000, 38
1434224124.392530, 26.000000, 38
1434224124.412169, 26.000000, 38
1434224124.432401, 26.000000, 38
1434224124.452243, 26.000000, 38
1434224124.472162, 26.000000, 38
1434224124.492084, 25.000000, 38
1434224124.512026, 25.000000, 38
1434224124.532066, 25.000000, 38
1434224124.552692, 24.000000, 38
1434224124.571683, 22.000000, 38
1434224124.592128, 24.000000, 38
1434224124.612558, 24.000000, 38
1434224124.634146, 25.000000, 38
1434224124.655103, 27.000000, 38
1434224124.674330, 25.000000, 38
1434224124.694434, 25.000000, 38
1434224124.712161, 24.000000, 38
1434224124.734375, 26.000000, 38
1434224124.755395, 26.000000, 38
1434224124.775533, 25.000000, 38
1434224124.795880, 25.000000, 38
1434224124.815311, 26.000000, 38
1434224124.835892, 27.000000, 38
1434224124.855343, 26.000000, 38
1434224124.875798, 25.000000, 38
1434224124.895434, 26.000000, 38
1434224124.915674, 26.000000, 38
1434224124.935457, 26.000000, 38
1434224124.955527, 26.000000, 38
1434224124.975489, 26.000000, 38
1434224124.995298, 26.000000, 38
1434224125.015592, 26.000000, 38
1434224125.035051, 26.000000, 38
1434224125.055505, 26.000000, 38
1434224125.075134, 25.000000, 38
1434224125.095435, 26.000000, 38
1434224125.115059, 25.000000, 38
1434224125.135460, 26.000000, 38
1434224125.155205, 26.000000, 38
1434224125.175405, 26.000000, 38
1434224125.195171, 26.000000, 38
1434224125.215247, 26.000000, 38
1434224125.235188, 26.000000, 38
1434224125.255094, 25.000000, 38
1434224125.275194, 26.000000, 38
1434224125.294992, 25.000000, 38
1434224125.315132, 25.000000, 38
1434224125.335960, 25.000000, 38
1434224125.356208, 26.000000, 38
1434224125.376880, 25.000000, 38
1434224125.396167, 26.000000, 38
1434224125.416894, 27.000000, 38
1434224125.436115, 25.000000, 38
1434224125.456925, 26.000000, 38
1434224125.476007, 25.000000, 38
1434224125.496908, 26.000000, 38
1434224125.516041, 25.000000, 38
1434224125.536852, 25.000000, 38
1434224125.555975, 25.000000, 38
1434224125.576835, 26.000000, 38
1434224125.596826, 24.000000, 38
1434224125.616700, 25.000000, 38
1434224125.636687, 25.000000, 38
1434224125.656259, 25.000000, 38
1434224125.676228, 25.000000, 38
1434224125.696848, 23.000000, 38
1434224125.716858, 23.000000, 38
1434224125.737449, 25.000000, 38
1434224125.757531, 25.000000, 38
1434224125.776081, 24.000000, 38
1434224125.796225, 24.000000, 38
1434224125.818881, 23.000000, 38
1434224125.839065, 25.000000, 38
1434224125.857616, 24.000000, 38
1434224125.878619, 25.000000, 38
1434224125.901279, 25.000000, 38
1434224125.918913, 27.000000, 38
1434224125.938511, 23.000000, 38
1434224125.959528, 26.000000, 38
1434224125.979115, 26.000000, 38
1434224125.998706, 25.000000, 38
1434224126.020170, 27.000000, 38
1434224126.039121, 26.000000, 38
1434224126.058472, 24.000000, 38
1434224126.079482, 26.000000, 38
1434224126.098894, 26.000000, 38
1434224126.118872, 25.000000, 38
1434224126.138892, 26.000000, 38
1434224126.159249, 26.000000, 38
1434224126.179474, 25.000000, 38
1434224126.200244, 26.000000, 38
1434224126.219477, 25.000000, 38
1434224126.240171, 26.000000, 38
1434224126.260291, 26.000000, 38
1434224126.280003, 26.000000, 38
1434224126.303002, 28.000000, 38
1434224126.323961, 28.000000, 38
1434224126.343074, 24.000000, 38
1434224126.363320, 25.000000, 38
1434224126.383074, 25.000000, 38
1434224126.403166, 26.000000, 38
1434224126.423113, 25.000000, 38
1434224126.443078, 25.000000, 38
1434224126.463068, 25.000000, 38
1434224126.483007, 25.000000, 38
1434224126.503034, 25.000000, 38
1434224126.523979, 25.000000, 38
1434224126.544044, 25.000000, 38
1434224126.564880, 25.000000, 38
1434224126.584136, 26.000000, 38
1434224126.604765, 26.000000, 38
1434224126.624136, 26.000000, 38
1434224126.644695, 26.000000, 38
1434224126.664146, 26.000000, 38
1434224126.684555, 26.000000, 38
1434224126.704211, 26.000000, 38
1434224126.724442, 26.000000, 38
1434224126.744312, 26.000000, 38
1434224126.764233, 26.000000, 38
1434224126.784329, 26.000000, 38
1434224126.804215, 26.000000, 38
1434224126.824255, 26.000000, 38
1434224126.844097, 25.000000, 38
1434224126.864303, 26.000000, 38
1434224126.884042, 25.000000, 38
1434224126.904144, 25.000000, 38
1434224126.924124, 25.000000, 38
1434224126.944899, 25.000000, 38
1434224126.965275, 24.000000, 38
1434224126.987162, 25.000000, 38
1434224127.008148, 27.000000, 38
1434224127.027511, 25.000000, 38
1434224127.047404, 25.000000, 38
1434224127.067513, 26.000000, 38
1434224127.087364, 26.000000, 38
1434224127.107441, 26.000000, 38
1434224127.127274, 26.000000, 38
1434224127.147506, 26.000000, 38
1434224127.167249, 26.000000, 38
1434224127.187364, 26.000000, 38
1434224127.207224, 26.000000, 38
1434224127.227177, 26.000000, 38
1434224127.247143, 25.000000, 38
1434224127.267187, 26.000000, 38
1434224127.287058, 25.000000, 38
1434224127.307259, 26.000000, 38
1434224127.327020, 25.000000, 38
1434224127.347149, 25.000000, 38
1434224127.367059, 25.000000, 38
1434224127.387908, 25.000000, 38
1434224127.408053, 25.000000, 38
1434224127.428832, 24.000000, 38
1434224127.448954, 25.000000, 38
1434224127.469747, 26.000000, 38
1434224127.489976, 25.000000, 38
1434224127.510544, 26.000000, 38
1434224127.531046, 25.000000, 38
1434224127.551516, 26.000000, 38
1434224127.570974, 25.000000, 38
1434224127.591531, 26.000000, 38
1434224127.612002, 25.000000, 38
1434224127.632396, 26.000000, 38
1434224127.651982, 25.000000, 38
1434224127.672254, 26.000000, 38
1434224127.692981, 25.000000, 38
1434224127.713166, 25.000000, 38
1434224127.733998, 25.000000, 38
1434224127.754076, 25.000000, 38
1434224127.773970, 25.000000, 38
1434224127.795561, 25.000000, 38
1434224127.816467, 25.000000, 38
1434224127.836400, 25.000000, 38
1434224127.856645, 25.000000, 38
1434224127.876490, 26.000000, 38
1434224127.896455, 26.000000, 38
1434224127.916506, 26.000000, 38
1434224127.936381, 26.000000, 38
1434224127.956500, 26.000000, 38
1434224127.976335, 26.000000, 38
1434224127.996500, 26.000000, 38
1434224128.016306, 26.000000, 38
1434224128.036394, 26.000000, 38
1434224128.056300, 26.000000, 38
1434224128.076287, 26.000000, 38
1434224128.096381, 26.000000, 38
1434224128.116149, 26.000000, 38
1434224128.136238, 26.000000, 38
1434224128.156161, 26.000000, 38
1434224128.176152, 25.000000, 38
1434224128.196161, 26.000000, 38
1434224128.216158, 26.000000, 38
1434224128.235984, 25.000000, 38
1434224128.256096, 25.000000, 38
1434224128.276953, 25.000000, 38
1434224128.296972, 25.000000, 38
1434224128.317773, 25.000000, 38
1434224128.337043, 25.000000, 38
1434224128.354699, 26.000000, 38
1434224128.377382, 25.000000, 38
1434224128.398375, 28.000000, 38
1434224128.417577, 25.000000, 38
1434224128.434639, 25.000000, 38
1434224128.455484, 25.000000, 38
1434224128.478867, 26.000000, 38
1434224128.495288, 27.000000, 38
1434224128.515615, 24.000000, 38
1434224128.538623, 26.000000, 38
1434224128.558223, 27.000000, 38
1434224128.575761, 22.000000, 38
1434224128.597353, 25.000000, 38
1434224128.619984, 27.000000, 38
1434224128.637002, 25.000000, 38
1434224128.656403, 25.000000, 38
1434224128.679411, 25.000000, 38
1434224128.696749, 25.000000, 38
1434224128.717755, 26.000000, 38
1434224128.739411, 25.000000, 38
1434224128.756576, 24.000000, 38
1434224128.777578, 25.000000, 38
1434224128.800115, 25.000000, 38
1434224128.817783, 26.000000, 38
1434224128.838139, 24.000000, 38
1434224128.861296, 25.000000, 38
1434224128.878901, 27.000000, 38
1434224128.898636, 24.000000, 38
1434224128.920092, 25.000000, 38
1434224128.940103, 26.000000, 38
1434224128.962994, 27.000000, 38
1434224128.983976, 28.000000, 38
1434224129.003194, 25.000000, 38
1434224129.023127, 24.000000, 38
1434224129.043044, 25.000000, 38
1434224129.063130, 25.000000, 38
1434224129.083980, 25.000000, 38
1434224129.105567, 25.000000, 38
1434224129.125908, 25.000000, 38
1434224129.147462, 25.000000, 38
1434224129.167737, 25.000000, 38
1434224129.187601, 25.000000, 38
1434224129.207680, 26.000000, 38
1434224129.227625, 26.000000, 38
1434224129.247571, 26.000000, 38
1434224129.267612, 26.000000, 38
1434224129.287571, 26.000000, 38
1434224129.307559, 26.000000, 38
1434224129.327502, 26.000000, 38
1434224129.347553, 26.000000, 38
1434224129.367425, 26.000000, 38
1434224129.387513, 26.000000, 38
1434224129.407463, 26.000000, 38
1434224129.427377, 26.000000, 38
1434224129.447412, 26.000000, 38
1434224129.467390, 26.000000, 38
1434224129.487367, 26.000000, 38
1434224129.507352, 26.000000, 38
1434224129.527362, 26.000000, 38
1434224129.547371, 26.000000, 38
1434224129.567318, 26.000000, 38
1434224129.587217, 25.000000, 38
1434224129.607306, 26.000000, 38
1434224129.627243, 26.000000, 38
1434224129.647236, 26.000000, 38
1434224129.667184, 25.000000, 38
1434224129.687247, 26.000000, 38
1434224129.707128, 25.000000, 38
1434224129.727255, 26.000000, 38
1434224129.747122, 25.000000, 38
1434224129.767174, 25.000000, 38
1434224129.787111, 25.000000, 38
1434224129.807108, 25.000000, 38
1434224129.827010, 25.000000, 38
1434224129.847132, 25.000000, 38
1434224129.867972, 25.000000, 38
1434224129.889510, 25.000000, 38
1434224129.909122, 25.000000, 38
1434224129.929688, 25.000000, 38
1434224129.949199, 25.000000, 38
1434224129.969582, 26.000000, 38
1434224129.989232, 26.000000, 38
1434224130.009528, 26.000000, 38
1434224130.029243, 26.000000, 38
1434224130.049255, 26.000000, 38
1434224130.069315, 26.000000, 38
1434224130.089408, 26.000000, 38
1434224130.109285, 26.000000, 38
1434224130.129454, 26.000000, 38
1434224130.149261, 26.000000, 38
1434224130.169295, 26.000000, 38
1434224130.189306, 26.000000, 38
1434224130.209222, 26.000000, 38
1434224130.229349, 26.000000, 38
1434224130.249206, 25.000000, 38
1434224130.269134, 25.000000, 38
1434224130.289129, 25.000000, 38
1434224130.309112, 25.000000, 38
1434224130.329055, 25.000000, 38
1434224130.349128, 25.000000, 38
1434224130.370016, 25.000000, 38
1434224130.390984, 25.000000, 38
1434224130.411095, 25.000000, 38
1434224130.431967, 26.000000, 38
1434224130.451079, 25.000000, 38
1434224130.471926, 25.000000, 38
1434224130.492075, 25.000000, 38
1434224130.512916, 26.000000, 38
1434224130.531979, 25.000000, 38
1434224130.552601, 25.000000, 38
1434224130.570418, 23.000000, 38
1434224130.590125, 24.000000, 38
1434224130.612381, 26.000000, 38
1434224130.633334, 26.000000, 38
1434224130.653660, 25.000000, 38
1434224130.673463, 25.000000, 38
1434224130.693690, 26.000000, 38
1434224130.713479, 26.000000, 38
1434224130.733618, 26.000000, 38
1434224130.753585, 26.000000, 38
1434224130.773482, 26.000000, 38
1434224130.793585, 26.000000, 38
1434224130.813453, 26.000000, 38
1434224130.833439, 26.000000, 38
1434224130.852889, 25.000000, 38
1434224130.873245, 26.000000, 38
1434224130.893921, 26.000000, 38
1434224130.914161, 25.000000, 38
1434224130.934939, 25.000000, 38
1434224130.956453, 25.000000, 38
1434224130.977414, 25.000000, 38
1434224130.997714, 25.000000, 38
1434224131.017662, 25.000000, 38
1434224131.034924, 24.000000, 38
1434224131.055597, 24.000000, 38
1434224131.079310, 25.000000, 38
1434224131.096559, 26.000000, 38
1434224131.117534, 26.000000, 38
1434224131.140063, 25.000000, 38
1434224131.157667, 26.000000, 38
1434224131.178050, 24.000000, 38
1434224131.201179, 25.000000, 38
1434224131.218784, 26.000000, 38
1434224131.238520, 23.000000, 38
1434224131.259231, 26.000000, 38
1434224131.278630, 25.000000, 38
1434224131.298576, 25.000000, 38
1434224131.319100, 26.000000, 38
1434224131.338636, 25.000000, 38
1434224131.360092, 27.000000, 38
1434224131.378501, 25.000000, 38
1434224131.399507, 25.000000, 38
1434224131.418357, 25.000000, 38
1434224131.438325, 25.000000, 38
1434224131.458295, 25.000000, 38
1434224131.478866, 25.000000, 38
1434224131.498725, 25.000000, 38
1434224131.518344, 26.000000, 38
1434224131.538134, 25.000000, 38
1434224131.558641, 25.000000, 38
1434224131.578668, 25.000000, 38
1434224131.599028, 26.000000, 38
1434224131.618208, 26.000000, 38
1434224131.639228, 26.000000, 38
1434224131.659132, 24.000000, 38
1434224131.679939, 25.000000, 38
1434224131.699562, 25.000000, 38
1434224131.719293, 25.000000, 38
1434224131.742865, 27.000000, 38
1434224131.762976, 28.000000, 38
1434224131.783608, 25.000000, 38
1434224131.803586, 25.000000, 38
1434224131.823215, 26.000000, 38
1434224131.843006, 26.000000, 38
1434224131.862355, 24.000000, 38
1434224131.883946, 26.000000, 38
1434224131.901186, 24.000000, 38
1434224131.922813, 23.000000, 38
1434224131.943027, 26.000000, 38
1434224131.963524, 25.000000, 38
1434224131.983934, 25.000000, 38
1434224132.004371, 26.000000, 38
1434224132.024626, 24.000000, 38
1434224132.045245, 25.000000, 38
1434224132.065730, 26.000000, 38
1434224132.085055, 25.000000, 38
1434224132.105723, 26.000000, 38
1434224132.126078, 25.000000, 38
1434224132.146754, 26.000000, 38
1434224132.166020, 25.000000, 38
1434224132.186694, 26.000000, 38
1434224132.206119, 25.000000, 38
1434224132.225050, 25.000000, 38
1434224132.246005, 25.000000, 38
1434224132.266134, 25.000000, 38
1434224132.286752, 25.000000, 38
1434224132.306055, 25.000000, 38
1434224132.326714, 26.000000, 38
1434224132.346133, 25.000000, 38
1434224132.366654, 26.000000, 38
1434224132.386222, 25.000000, 38
1434224132.404769, 24.000000, 38
1434224132.426383, 26.000000, 38
1434224132.447348, 27.000000, 38
1434224132.466604, 25.000000, 38
1434224132.486643, 25.000000, 38
1434224132.506612, 26.000000, 38
1434224132.524555, 24.000000, 38
1434224132.546920, 27.000000, 38
1434224132.566284, 27.000000, 38
1434224132.586110, 24.000000, 38
1434224132.606251, 26.000000, 38
1434224132.626177, 25.000000, 38
1434224132.644229, 23.000000, 38
1434224132.665816, 23.000000, 38
1434224132.687533, 26.000000, 38
1434224132.708510, 26.000000, 38
1434224132.728243, 25.000000, 38
1434224132.748785, 25.000000, 38
1434224132.768276, 26.000000, 38
1434224132.788698, 26.000000, 38
1434224132.808222, 26.000000, 38
1434224132.828682, 26.000000, 38
1434224132.848152, 25.000000, 38
1434224132.868596, 26.000000, 38
1434224132.888057, 25.000000, 38
1434224132.908655, 26.000000, 38
1434224132.928095, 25.000000, 38
1434224132.948597, 26.000000, 38
1434224132.968013, 25.000000, 38
1434224132.988564, 26.000000, 38
1434224133.009038, 25.000000, 38
1434224133.029434, 26.000000, 38
1434224133.049023, 25.000000, 38
1434224133.068924, 25.000000, 38
1434224133.090533, 25.000000, 38
1434224133.110726, 25.000000, 38
1434224133.130909, 26.000000, 38
1434224133.148301, 24.000000, 38
1434224133.170861, 25.000000, 38
1434224133.190417, 27.000000, 38
1434224133.210906, 26.000000, 38
1434224133.230474, 26.000000, 38
1434224133.250787, 25.000000, 38
1434224133.268260, 24.000000, 38
1434224133.288229, 24.000000, 38
1434224133.310048, 25.000000, 38
1434224133.331017, 27.000000, 38
1434224133.350446, 25.000000, 38
1434224133.370357, 25.000000, 38
1434224133.388451, 24.000000, 38
1434224133.410343, 26.000000, 38
1434224133.431320, 26.000000, 38
1434224133.451651, 25.000000, 38
1434224133.471785, 25.000000, 38
1434224133.491482, 26.000000, 38
1434224133.511562, 26.000000, 38
1434224133.531209, 26.000000, 38
1434224133.551508, 26.000000, 38
1434224133.571033, 25.000000, 38
1434224133.591512, 26.000000, 38
1434224133.612066, 25.000000, 38
1434224133.632319, 26.000000, 38
1434224133.653057, 25.000000, 38
1434224133.673245, 26.000000, 38
1434224133.693991, 25.000000, 38
1434224133.714178, 25.000000, 38
1434224133.734994, 25.000000, 38
1434224133.756550, 25.000000, 38
1434224133.777471, 25.000000, 38
1434224133.797798, 25.000000, 38
1434224133.817677, 25.000000, 38
1434224133.834610, 25.000000, 38
1434224133.855547, 25.000000, 38
1434224133.878979, 27.000000, 38
1434224133.896460, 27.000000, 38
1434224133.916683, 24.000000, 38
1434224133.939840, 25.000000, 38
1434224133.956582, 26.000000, 38
1434224133.976615, 25.000000, 38
1434224134.000154, 25.000000, 38
1434224134.017765, 27.000000, 38
1434224134.038115, 26.000000, 38
1434224134.061132, 25.000000, 38
1434224134.078852, 26.000000, 38
1434224134.098600, 23.000000, 38
1434224134.119238, 26.000000, 38
1434224134.138637, 26.000000, 38
1434224134.158582, 25.000000, 38
1434224134.179186, 26.000000, 38
1434224134.198719, 26.000000, 38
1434224134.218550, 25.000000, 38
1434224134.239251, 26.000000, 38
1434224134.258381, 25.000000, 38
1434224134.278463, 25.000000, 38
1434224134.299325, 24.000000, 38
1434224134.320255, 26.000000, 38
1434224134.339686, 26.000000, 38
1434224134.359995, 26.000000, 38
1434224134.380210, 26.000000, 38
1434224134.399764, 25.000000, 38
1434224134.420327, 26.000000, 38
1434224134.439838, 26.000000, 38
1434224134.460229, 26.000000, 38
1434224134.479468, 25.000000, 38
1434224134.499880, 25.000000, 38
1434224134.519530, 25.000000, 38
1434224134.539854, 26.000000, 38
1434224134.559616, 25.000000, 38
1434224134.579737, 26.000000, 38
1434224134.599737, 26.000000, 38
1434224134.619637, 25.000000, 38
1434224134.639887, 26.000000, 38
1434224134.659675, 25.000000, 38
1434224134.679912, 27.000000, 38
1434224134.699751, 26.000000, 38
1434224134.719880, 25.000000, 38
1434224134.739856, 26.000000, 38
1434224134.759575, 26.000000, 38
1434224134.779770, 25.000000, 38
1434224134.799474, 25.000000, 38
1434224134.819610, 25.000000, 38
1434224134.839372, 24.000000, 38
1434224134.859785, 25.000000, 38
1434224134.883234, 28.000000, 38
1434224134.904227, 29.000000, 38
1434224134.923454, 25.000000, 38
1434224134.943523, 25.000000, 38
1434224134.963574, 26.000000, 38
1434224134.983362, 26.000000, 38
1434224135.003677, 26.000000, 38
1434224135.023352, 26.000000, 38
1434224135.043491, 26.000000, 38
1434224135.063369, 26.000000, 38
1434224135.083264, 26.000000, 38
1434224135.103262, 26.000000, 38
1434224135.123239, 25.000000, 38
1434224135.143188, 25.000000, 38
1434224135.163205, 25.000000, 38
1434224135.183183, 25.000000, 38
1434224135.203104, 25.000000, 38
1434224135.223159, 25.000000, 38
1434224135.243132, 25.000000, 38
1434224135.264081, 25.000000, 38
1434224135.284224, 25.000000, 38
1434224135.304938, 26.000000, 38
1434224135.324246, 26.000000, 38
1434224135.344805, 25.000000, 38
1434224135.364262, 26.000000, 38
1434224135.384609, 26.000000, 38
1434224135.404287, 26.000000, 38
1434224135.424422, 26.000000, 38
1434224135.444284, 26.000000, 38
1434224135.464351, 26.000000, 38
1434224135.484317, 26.000000, 38
1434224135.504152, 26.000000, 38
1434224135.524333, 26.000000, 38
1434224135.544121, 25.000000, 38
1434224135.563364, 25.000000, 38
1434224135.583852, 24.000000, 38
1434224135.603227, 24.000000, 38
1434224135.624788, 26.000000, 38
1434224135.642568, 23.000000, 38
1434224135.663248, 24.000000, 38
1434224135.684844, 26.000000, 38
1434224135.705110, 25.000000, 38
1434224135.725264, 25.000000, 38
1434224135.745989, 25.000000, 38
1434224135.766344, 26.000000, 38
1434224135.786810, 25.000000, 38
1434224135.806466, 26.000000, 38
1434224135.824620, 24.000000, 38
1434224135.846749, 26.000000, 38
1434224135.866157, 26.000000, 38
1434224135.886999, 26.000000, 38
1434224135.906221, 25.000000, 38
1434224135.926941, 26.000000, 38
1434224135.943988, 23.000000, 38
1434224135.964501, 23.000000, 38
1434224135.987108, 25.000000, 38
1434224136.008085, 28.000000, 38
1434224136.027519, 25.000000, 38
1434224136.047310, 25.000000, 38
1434224136.067478, 26.000000, 38
1434224136.087325, 26.000000, 38
1434224136.107445, 26.000000, 38
1434224136.127371, 26.000000, 38
1434224136.147408, 26.000000, 38
1434224136.167337, 26.000000, 38
1434224136.187310, 26.000000, 38
1434224136.207287, 26.000000, 38
1434224136.227263, 26.000000, 38
1434224136.247196, 26.000000, 38
1434224136.267169, 25.000000, 38
1434224136.287191, 25.000000, 38
1434224136.307192, 25.000000, 38
1434224136.328089, 25.000000, 38
1434224136.348243, 25.000000, 38
1434224136.369031, 26.000000, 38
1434224136.388199, 25.000000, 38
1434224136.408972, 25.000000, 38
1434224136.429238, 25.000000, 38
1434224136.449832, 25.000000, 38
1434224136.469324, 26.000000, 38
1434224136.489732, 26.000000, 38
1434224136.509350, 26.000000, 38
1434224136.529710, 26.000000, 38
1434224136.549347, 26.000000, 38
1434224136.569618, 26.000000, 38
1434224136.589368, 26.000000, 38
1434224136.609479, 26.000000, 38
1434224136.629398, 26.000000, 38
1434224136.649313, 26.000000, 38
1434224136.669307, 26.000000, 38
1434224136.689336, 26.000000, 38
1434224136.709251, 25.000000, 38
1434224136.729247, 26.000000, 38
1434224136.749250, 25.000000, 38
1434224136.769149, 25.000000, 38
1434224136.789127, 25.000000, 38
1434224136.809215, 25.000000, 38
1434224136.830757, 25.000000, 38
1434224136.850068, 26.000000, 38
1434224136.870927, 26.000000, 38
1434224136.890962, 25.000000, 38
1434224136.911743, 25.000000, 38
1434224136.932039, 25.000000, 38
1434224136.952536, 26.000000, 38
1434224136.972084, 25.000000, 38
1434224136.992379, 26.000000, 38
1434224137.012040, 25.000000, 38
1434224137.032254, 26.000000, 38
1434224137.051430, 24.000000, 38
1434224137.071569, 23.000000, 38
1434224137.091924, 25.000000, 38
1434224137.112004, 25.000000, 38
1434224137.132468, 24.000000, 38
1434224137.154142, 25.000000, 38
1434224137.175098, 27.000000, 38
1434224137.194347, 25.000000, 38
1434224137.214414, 25.000000, 38
1434224137.234439, 26.000000, 38
1434224137.252165, 24.000000, 38
1434224137.272111, 23.000000, 38
1434224137.293695, 23.000000, 38
1434224137.315368, 25.000000, 38
1434224137.336370, 27.000000, 38
1434224137.355409, 25.000000, 38
1434224137.375698, 25.000000, 38
1434224137.395416, 26.000000, 38
1434224137.415550, 26.000000, 38
1434224137.435290, 26.000000, 38
1434224137.455479, 26.000000, 38
1434224137.475258, 26.000000, 38
1434224137.495362, 26.000000, 38
1434224137.515279, 25.000000, 38
1434224137.535253, 26.000000, 38
1434224137.555243, 26.000000, 38
1434224137.576036, 25.000000, 38
1434224137.596339, 26.000000, 38
1434224137.616868, 25.000000, 38
1434224137.636248, 26.000000, 38
1434224137.656868, 26.000000, 38
1434224137.676231, 25.000000, 38
1434224137.696880, 26.000000, 38
1434224137.716172, 25.000000, 38
1434224137.736836, 26.000000, 38
1434224137.756161, 25.000000, 38
1434224137.776762, 26.000000, 38
1434224137.796110, 25.000000, 38
1434224137.816782, 26.000000, 38
1434224137.836039, 25.000000, 38
1434224137.856560, 26.000000, 38
1434224137.876986, 25.000000, 38
1434224137.897613, 26.000000, 38
1434224137.917859, 25.000000, 38
1434224137.933997, 24.000000, 38
1434224137.954683, 24.000000, 38
1434224137.978368, 25.000000, 38
1434224137.999356, 29.000000, 38
1434224138.015576, 24.000000, 38
1434224138.036586, 24.000000, 38
1434224138.060199, 25.000000, 38
1434224138.077850, 27.000000, 38
1434224138.098173, 26.000000, 38
1434224138.120440, 25.000000, 38
1434224138.138032, 26.000000, 38
1434224138.157565, 24.000000, 38
1434224138.179112, 25.000000, 38
1434224138.198736, 25.000000, 38
1434224138.220186, 25.000000, 38
1434224138.240218, 26.000000, 38
1434224138.259656, 24.000000, 38
1434224138.280168, 26.000000, 38
1434224138.299780, 26.000000, 38
1434224138.320207, 26.000000, 38
1434224138.339909, 27.000000, 38
1434224138.360131, 26.000000, 38
1434224138.380101, 26.000000, 38
1434224138.400053, 26.000000, 38
1434224138.420171, 26.000000, 38
1434224138.440138, 26.000000, 38
1434224138.460082, 26.000000, 38
1434224138.480234, 26.000000, 38
1434224138.500136, 26.000000, 38
1434224138.520242, 26.000000, 38
1434224138.540332, 26.000000, 38
1434224138.559403, 25.000000, 38
1434224138.579653, 23.000000, 38
1434224138.601699, 24.000000, 38
1434224138.623505, 27.000000, 38
1434224138.644454, 27.000000, 38
1434224138.663666, 25.000000, 38
1434224138.683695, 25.000000, 38
1434224138.703634, 26.000000, 38
1434224138.723684, 26.000000, 38
1434224138.743598, 26.000000, 38
1434224138.763593, 26.000000, 38
1434224138.783508, 26.000000, 38
1434224138.803509, 26.000000, 38
1434224138.823524, 26.000000, 38
1434224138.843450, 26.000000, 38
1434224138.863015, 26.000000, 38
1434224138.883419, 26.000000, 38
1434224138.904021, 25.000000, 38
1434224138.924213, 25.000000, 38
1434224138.945114, 25.000000, 38
1434224138.966033, 25.000000, 38
1434224138.986248, 25.000000, 38
1434224139.006851, 25.000000, 38
1434224139.026374, 26.000000, 38
1434224139.046770, 26.000000, 38
1434224139.064142, 24.000000, 38
1434224139.084214, 24.000000, 38
1434224139.105149, 24.000000, 38
1434224139.126746, 25.000000, 38
1434224139.147018, 25.000000, 38
1434224139.167703, 24.000000, 38
1434224139.188657, 24.000000, 38
1434224139.209413, 26.000000, 38
1434224139.229545, 26.000000, 38
1434224139.249373, 26.000000, 38
1434224139.269520, 26.000000, 38
1434224139.289308, 26.000000, 38
1434224139.309364, 26.000000, 38
1434224139.329267, 26.000000, 38
1434224139.349380, 26.000000, 38
1434224139.369201, 25.000000, 38
1434224139.389373, 26.000000, 38
1434224139.409067, 25.000000, 38
1434224139.429385, 26.000000, 38
1434224139.449180, 25.000000, 38
1434224139.469265, 25.000000, 38
1434224139.489121, 25.000000, 38
1434224139.509197, 25.000000, 38
1434224139.530074, 25.000000, 38
1434224139.550304, 26.000000, 38
1434224139.570953, 26.000000, 38
1434224139.590354, 26.000000, 38
1434224139.610909, 26.000000, 38
1434224139.628096, 24.000000, 38
1434224139.648526, 23.000000, 38
1434224139.670322, 25.000000, 38
1434224139.691310, 27.000000, 38
1434224139.710593, 25.000000, 38
1434224139.730699, 25.000000, 38
1434224139.748416, 24.000000, 38
1434224139.770677, 26.000000, 38
1434224139.790304, 27.000000, 38
1434224139.810810, 25.000000, 38
1434224139.830447, 26.000000, 38
1434224139.850748, 26.000000, 38
1434224139.868211, 24.000000, 38
1434224139.890755, 26.000000, 38
1434224139.910324, 27.000000, 38
1434224139.930916, 26.000000, 38
1434224139.950425, 26.000000, 38
1434224139.970808, 25.000000, 38
1434224139.988174, 24.000000, 38
1434224140.008233, 24.000000, 38
1434224140.029830, 23.000000, 38
1434224140.051333, 25.000000, 38
1434224140.072320, 27.000000, 38
1434224140.091456, 25.000000, 38
1434224140.111803, 25.000000, 38
1434224140.131389, 26.000000, 38
1434224140.151587, 26.000000, 38
1434224140.171413, 26.000000, 38
1434224140.191305, 26.000000, 38
1434224140.211335, 26.000000, 38
1434224140.231371, 26.000000, 38
1434224140.251311, 25.000000, 38
1434224140.271332, 26.000000, 38
1434224140.291200, 26.000000, 38
1434224140.310931, 25.000000, 38
1434224140.330975, 25.000000, 38
1434224140.350534, 24.000000, 38
1434224140.371896, 26.000000, 38
1434224140.391512, 26.000000, 38
1434224140.410900, 24.000000, 38
1434224140.431562, 26.000000, 38
1434224140.451988, 26.000000, 38
1434224140.471402, 26.000000, 38
1434224140.491983, 26.000000, 38
1434224140.511443, 26.000000, 38
1434224140.531846, 25.000000, 38
1434224140.551486, 26.000000, 38
1434224140.571785, 26.000000, 38
1434224140.591512, 26.000000, 38
1434224140.611659, 26.000000, 38
1434224140.631508, 26.000000, 38
1434224140.651640, 26.000000, 38
1434224140.671448, 26.000000, 38
1434224140.691553, 26.000000, 38
1434224140.711460, 26.000000, 38
1434224140.731638, 26.000000, 38
1434224140.751329, 26.000000, 38
1434224140.771609, 26.000000, 38
1434224140.791427, 26.000000, 38
1434224140.811397, 26.000000, 38
1434224140.831290, 26.000000, 38
1434224140.851296, 26.000000, 38
1434224140.871270, 25.000000, 38
1434224140.891153, 25.000000, 38
1434224140.911181, 25.000000, 38
1434224140.932020, 25.000000, 38
1434224140.952217, 25.000000, 38
1434224140.972938, 26.000000, 38
1434224140.992209, 25.000000, 38
1434224141.012855, 25.000000, 38
1434224141.032180, 25.000000, 38
1434224141.052793, 26.000000, 38
1434224141.072222, 25.000000, 38
1434224141.092691, 26.000000, 38
1434224141.112233, 26.000000, 38
1434224141.132508, 26.000000, 38
1434224141.152174, 25.000000, 38
1434224141.172498, 26.000000, 38
1434224141.192190, 25.000000, 38
1434224141.212271, 26.000000, 38
1434224141.232189, 25.000000, 38
1434224141.252135, 25.000000, 38
1434224141.273076, 25.000000, 38
1434224141.293167, 25.000000, 38
1434224141.313974, 26.000000, 38
1434224141.334090, 25.000000, 38
1434224141.354917, 26.000000, 38
1434224141.375103, 25.000000, 38
1434224141.395226, 25.000000, 38
1434224141.415956, 26.000000, 38
1434224141.435257, 25.000000, 38
1434224141.455886, 25.000000, 38
1434224141.475315, 26.000000, 38
1434224141.495702, 26.000000, 38
1434224141.515360, 26.000000, 38
1434224141.535552, 26.000000, 38
1434224141.555345, 26.000000, 38
1434224141.575599, 26.000000, 38
1434224141.595240, 25.000000, 38
1434224141.615614, 26.000000, 38
1434224141.635179, 25.000000, 38
1434224141.655528, 26.000000, 38
1434224141.675266, 25.000000, 38
1434224141.695340, 26.000000, 38
1434224141.715258, 25.000000, 38
1434224141.735340, 26.000000, 38
1434224141.755239, 25.000000, 38
1434224141.775270, 25.000000, 38
1434224141.795212, 25.000000, 38
1434224141.815126, 25.000000, 38
1434224141.835194, 25.000000, 38
1434224141.856033, 25.000000, 38
1434224141.877622, 25.000000, 38
1434224141.897744, 25.000000, 38
1434224141.918225, 25.000000, 38
1434224141.935599, 25.000000, 38
1434224141.955963, 26.000000, 38
1434224141.978648, 26.000000, 38
1434224142.000073, 27.000000, 38
1434224142.017059, 24.000000, 38
1434224142.038076, 26.000000, 38
1434224142.059702, 25.000000, 38
1434224142.076840, 23.000000, 38
1434224142.097844, 24.000000, 38
1434224142.121419, 25.000000, 38
1434224142.139000, 28.000000, 38
1434224142.158595, 22.000000, 38
1434224142.179984, 27.000000, 38
1434224142.198963, 26.000000, 38
1434224142.219426, 25.000000, 38
1434224142.239017, 26.000000, 38
1434224142.259338, 26.000000, 38
1434224142.279109, 26.000000, 38
1434224142.299447, 26.000000, 38
1434224142.319049, 26.000000, 38
1434224142.339460, 26.000000, 38
1434224142.359169, 26.000000, 38
1434224142.379339, 26.000000, 38
1434224142.399206, 26.000000, 38
1434224142.419339, 26.000000, 38
1434224142.439154, 26.000000, 38
1434224142.459317, 26.000000, 38
1434224142.479192, 26.000000, 38
1434224142.499310, 26.000000, 38
1434224142.519365, 26.000000, 38
1434224142.539116, 26.000000, 38
1434224142.559454, 26.000000, 38
1434224142.579243, 26.000000, 38
1434224142.599311, 26.000000, 38
1434224142.619220, 26.000000, 38
1434224142.639318, 26.000000, 38
1434224142.659256, 26.000000, 38
1434224142.679223, 26.000000, 38
1434224142.699305, 26.000000, 38
1434224142.719210, 26.000000, 38
1434224142.739238, 26.000000, 38
1434224142.759252, 26.000000, 38
1434224142.779138, 26.000000, 38
1434224142.799313, 26.000000, 38
1434224142.819162, 26.000000, 38
1434224142.839194, 26.000000, 38
1434224142.859197, 26.000000, 38
1434224142.879189, 26.000000, 38
1434224142.899172, 26.000000, 38
1434224142.919269, 26.000000, 38
1434224142.939156, 26.000000, 38
1434224142.959233, 26.000000, 38
1434224142.979168, 26.000000, 38
1434224142.999125, 26.000000, 38
1434224143.019197, 26.000000, 38
1434224143.039138, 26.000000, 38
1434224143.059067, 26.000000, 38
1434224143.079281, 26.000000, 38
1434224143.099080, 26.000000, 38
1434224143.119140, 26.000000, 38
1434224143.139043, 26.000000, 38
1434224143.159181, 26.000000, 38
1434224143.179005, 26.000000, 38
1434224143.199176, 26.000000, 38
1434224143.219010, 26.000000, 38
1434224143.239168, 26.000000, 38
1434224143.258990, 26.000000, 38
1434224143.278890, 26.000000, 38
1434224143.298969, 26.000000, 38
1434224143.318832, 25.000000, 38
1434224143.338998, 26.000000, 38
1434224143.359363, 26.000000, 38
1434224143.379536, 25.000000, 38
1434224143.400295, 26.000000, 38
1434224143.423449, 28.000000, 38
1434224143.444428, 28.000000, 38
1434224143.463573, 25.000000, 38
1434224143.483822, 25.000000, 38
1434224143.503550, 26.000000, 38
1434224143.523760, 26.000000, 38
1434224143.543512, 26.000000, 38
1434224143.563609, 26.000000, 38
1434224143.583558, 26.000000, 38
1434224143.603473, 26.000000, 38
1434224143.623449, 26.000000, 38
1434224143.643496, 26.000000, 38
1434224143.663382, 26.000000, 38
1434224143.683479, 26.000000, 38
1434224143.703409, 26.000000, 38
1434224143.723361, 26.000000, 38
1434224143.743309, 26.000000, 38
1434224143.763395, 26.000000, 38
1434224143.783278, 25.000000, 38
1434224143.803360, 26.000000, 38
1434224143.823239, 25.000000, 38
1434224143.843333, 25.000000, 38
1434224143.863250, 25.000000, 38
1434224143.883198, 25.000000, 38
1434224143.903152, 25.000000, 38
1434224143.923240, 25.000000, 38
1434224143.944076, 25.000000, 38
1434224143.965663, 25.000000, 38
1434224143.986621, 25.000000, 38
1434224144.006928, 26.000000, 38
1434224144.027019, 25.000000, 38
1434224144.047157, 25.000000, 38
1434224144.067886, 25.000000, 38
1434224144.087279, 25.000000, 38
1434224144.108001, 27.000000, 38
1434224144.127310, 25.000000, 38
1434224144.147990, 26.000000, 38
1434224144.167288, 26.000000, 38
1434224144.187831, 25.000000, 38
1434224144.207352, 26.000000, 38
1434224144.227735, 26.000000, 38
1434224144.247380, 26.000000, 38
1434224144.267690, 26.000000, 38
1434224144.287388, 26.000000, 38
1434224144.307638, 26.000000, 38
1434224144.327421, 26.000000, 38
1434224144.347468, 26.000000, 38
1434224144.367418, 26.000000, 38
1434224144.387382, 26.000000, 38
1434224144.407355, 26.000000, 38
1434224144.427334, 26.000000, 38
1434224144.447311, 25.000000, 38
1434224144.467277, 25.000000, 38
1434224144.487335, 25.000000, 38
1434224144.507202, 25.000000, 38
1434224144.527295, 25.000000, 38
1434224144.547229, 25.000000, 38
1434224144.567276, 25.000000, 38
1434224144.587263, 25.000000, 38
1434224144.608139, 25.000000, 38
1434224144.628253, 25.000000, 38
1434224144.649084, 25.000000, 38
1434224144.669293, 25.000000, 38
1434224144.689967, 26.000000, 38
1434224144.709366, 26.000000, 38
1434224144.729906, 26.000000, 38
1434224144.749328, 26.000000, 38
1434224144.769894, 25.000000, 38
1434224144.789316, 26.000000, 38
1434224144.809856, 26.000000, 38
1434224144.829335, 26.000000, 38
1434224144.849734, 26.000000, 38
1434224144.869449, 26.000000, 38
1434224144.889594, 26.000000, 38
1434224144.909481, 26.000000, 38
1434224144.929527, 26.000000, 38
1434224144.949396, 26.000000, 38
1434224144.969499, 26.000000, 38
1434224144.989437, 26.000000, 38
1434224145.009303, 26.000000, 38
1434224145.029381, 26.000000, 38
1434224145.049338, 26.000000, 38
1434224145.068948, 25.000000, 38
1434224145.089356, 26.000000, 38
1434224145.110046, 26.000000, 38
1434224145.129204, 25.000000, 38
1434224145.150058, 25.000000, 38
1434224145.170310, 25.000000, 38
1434224145.190943, 26.000000, 38
1434224145.208150, 24.000000, 38
1434224145.228371, 23.000000, 38
1434224145.250526, 25.000000, 38
1434224145.271509, 27.000000, 38
1434224145.290699, 25.000000, 38
1434224145.310801, 25.000000, 38
1434224145.328597, 24.000000, 38
1434224145.350922, 27.000000, 38
1434224145.370404, 27.000000, 38
1434224145.391118, 24.000000, 38
1434224145.411425, 26.000000, 38
1434224145.432075, 26.000000, 38
1434224145.451453, 26.000000, 38
1434224145.471962, 26.000000, 38
1434224145.491525, 26.000000, 38
1434224145.511810, 25.000000, 38
1434224145.531558, 26.000000, 38
1434224145.551804, 26.000000, 38
1434224145.570130, 25.000000, 38
1434224145.591857, 26.000000, 38
1434224145.611410, 26.000000, 38
1434224145.631793, 25.000000, 38
1434224145.651510, 26.000000, 38
1434224145.671615, 26.000000, 38
1434224145.691500, 26.000000, 38
1434224145.711670, 26.000000, 38
1434224145.731379, 26.000000, 38
1434224145.751610, 26.000000, 38
1434224145.771476, 26.000000, 38
1434224145.791354, 26.000000, 38
1434224145.811501, 26.000000, 38
1434224145.831415, 26.000000, 38
1434224145.851458, 26.000000, 38
1434224145.871335, 25.000000, 38
1434224145.891437, 26.000000, 38
1434224145.911320, 25.000000, 38
1434224145.931401, 26.000000, 38
1434224145.951269, 25.000000, 38
1434224145.971221, 25.000000, 38
1434224145.991237, 25.000000, 38
1434224146.011206, 25.000000, 38
1434224146.032121, 25.000000, 38
1434224146.052240, 25.000000, 38
1434224146.073014, 26.000000, 38
1434224146.092254, 25.000000, 38
1434224146.113009, 26.000000, 38
1434224146.132257, 25.000000, 38
1434224146.153006, 26.000000, 38
1434224146.172235, 25.000000, 38
1434224146.192941, 26.000000, 38
1434224146.212300, 25.000000, 38
1434224146.232832, 25.000000, 38
1434224146.252241, 26.000000, 38
1434224146.272821, 26.000000, 38
1434224146.291808, 24.000000, 38
1434224146.312182, 26.000000, 38
1434224146.332512, 26.000000, 38
1434224146.353069, 26.000000, 38
1434224146.372517, 26.000000, 38
1434224146.393009, 26.000000, 38
1434224146.412550, 26.000000, 38
1434224146.432935, 26.000000, 38
1434224146.452602, 26.000000, 38
1434224146.472728, 25.000000, 38
1434224146.492661, 26.000000, 38
1434224146.512730, 26.000000, 38
1434224146.532521, 26.000000, 38
1434224146.552852, 26.000000, 38
1434224146.572407, 26.000000, 38
1434224146.592803, 26.000000, 38
1434224146.612465, 26.000000, 38
1434224146.632751, 26.000000, 38
1434224146.652490, 26.000000, 38
1434224146.672555, 26.000000, 38
1434224146.692551, 26.000000, 38
1434224146.712399, 26.000000, 38
1434224146.732565, 26.000000, 38
1434224146.752284, 26.000000, 38
1434224146.772553, 26.000000, 38
1434224146.792215, 25.000000, 38
1434224146.812446, 26.000000, 38
1434224146.832209, 25.000000, 38
1434224146.852169, 25.000000, 38
1434224146.873047, 25.000000, 38
1434224146.893270, 25.000000, 38
1434224146.913907, 26.000000, 38
1434224146.933351, 26.000000, 38
1434224146.953810, 25.000000, 38
1434224146.973337, 26.000000, 38
1434224146.993722, 26.000000, 38
1434224147.013344, 26.000000, 38
1434224147.033310, 26.000000, 38
1434224147.053433, 24.000000, 38
1434224147.074284, 25.000000, 38
1434224147.094342, 25.000000, 38
1434224147.114301, 25.000000, 38
1434224147.134210, 25.000000, 38
1434224147.154253, 25.000000, 38
1434224147.174232, 25.000000, 38
1434224147.195827, 25.000000, 38
1434224147.213589, 23.000000, 38
1434224147.236034, 26.000000, 38
1434224147.255617, 27.000000, 38
1434224147.275198, 24.000000, 38
1434224147.295617, 26.000000, 38
1434224147.316154, 25.000000, 38
1434224147.336585, 26.000000, 38
1434224147.357192, 25.000000, 38
1434224147.377514, 26.000000, 38
1434224147.397295, 25.000000, 38
1434224147.415016, 24.000000, 38
1434224147.437617, 24.000000, 38
1434224147.458585, 26.000000, 38
1434224147.479995, 27.000000, 38
1434224147.496166, 25.000000, 38
1434224147.516151, 25.000000, 38
1434224147.538799, 25.000000, 38
1434224147.557695, 25.000000, 38
1434224147.575439, 24.000000, 38
1434224147.595981, 26.000000, 38
1434224147.618699, 26.000000, 38
1434224147.638403, 26.000000, 38
1434224147.656005, 23.000000, 38
1434224147.677594, 25.000000, 38
1434224147.700109, 26.000000, 38
1434224147.717155, 25.000000, 38
1434224147.737115, 24.000000, 38
1434224147.759441, 24.000000, 38
1434224147.776852, 24.000000, 38
1434224147.797232, 25.000000, 38
1434224147.820314, 26.000000, 38
1434224147.837380, 25.000000, 38
1434224147.857264, 24.000000, 38
1434224147.879902, 26.000000, 38
1434224147.897089, 25.000000, 38
1434224147.917421, 24.000000, 38
1434224147.939678, 24.000000, 38
1434224147.956873, 24.000000, 38
1434224147.977893, 25.000000, 38
1434224148.000456, 25.000000, 38
1434224148.017737, 26.000000, 38
1434224148.038745, 24.000000, 38
1434224148.061268, 26.000000, 38
1434224148.077874, 26.000000, 38
1434224148.098826, 23.000000, 38
1434224148.121411, 25.000000, 38
1434224148.139112, 27.000000, 38
1434224148.158647, 23.000000, 38
1434224148.180067, 27.000000, 38
1434224148.199117, 26.000000, 38
1434224148.219273, 25.000000, 38
1434224148.239222, 26.000000, 38
1434224148.259278, 26.000000, 38
1434224148.279325, 26.000000, 38
1434224148.299210, 26.000000, 38
1434224148.319340, 26.000000, 38
1434224148.339295, 26.000000, 38
1434224148.359253, 26.000000, 38
1434224148.379340, 26.000000, 38
1434224148.399205, 26.000000, 38
1434224148.419326, 26.000000, 38
1434224148.439250, 26.000000, 38
1434224148.459397, 26.000000, 38
1434224148.479230, 26.000000, 38
1434224148.499296, 26.000000, 38
1434224148.519366, 26.000000, 38
1434224148.539088, 26.000000, 38
1434224148.559485, 26.000000, 38
1434224148.579132, 26.000000, 38
1434224148.599432, 26.000000, 38
1434224148.619215, 26.000000, 38
1434224148.639331, 26.000000, 38
1434224148.659220, 26.000000, 38
1434224148.679337, 26.000000, 38
1434224148.699251, 26.000000, 38
1434224148.719248, 26.000000, 38
1434224148.739293, 26.000000, 38
1434224148.759211, 26.000000, 38
1434224148.779304, 26.000000, 38
1434224148.799324, 26.000000, 38
1434224148.819278, 26.000000, 38
1434224148.839375, 26.000000, 38
1434224148.859288, 26.000000, 38
1434224148.879308, 26.000000, 38
1434224148.899341, 26.000000, 38
1434224148.919308, 26.000000, 38
1434224148.939328, 26.000000, 38
1434224148.959381, 26.000000, 38
1434224148.979293, 26.000000, 38
1434224148.999385, 26.000000, 38
1434224149.019306, 26.000000, 38
1434224149.039317, 26.000000, 38
1434224149.059431, 26.000000, 38
1434224149.079190, 26.000000, 38
1434224149.099437, 26.000000, 38
1434224149.119311, 26.000000, 38
1434224149.139264, 26.000000, 38
1434224149.159362, 26.000000, 38
1434224149.179138, 26.000000, 38
1434224149.199402, 26.000000, 38
1434224149.219160, 26.000000, 38
1434224149.239381, 26.000000, 38
1434224149.259178, 26.000000, 38
1434224149.279270, 26.000000, 38
1434224149.299219, 26.000000, 38
1434224149.319280, 26.000000, 38
1434224149.339183, 26.000000, 38
1434224149.359237, 26.000000, 38
1434224149.379194, 26.000000, 38
1434224149.399241, 26.000000, 38
1434224149.419177, 26.000000, 38
1434224149.439238, 26.000000, 38
1434224149.459233, 26.000000, 38
1434224149.479103, 26.000000, 38
1434224149.499236, 26.000000, 38
1434224149.519204, 26.000000, 38
1434224149.539151, 26.000000, 38
1434224149.559244, 26.000000, 38
1434224149.579183, 26.000000, 38
1434224149.599286, 26.000000, 38
1434224149.619238, 26.000000, 38
1434224149.639148, 26.000000, 38
1434224149.659167, 26.000000, 38
1434224149.679214, 26.000000, 38
1434224149.699132, 26.000000, 38
1434224149.719219, 26.000000, 38
1434224149.739220, 26.000000, 38
1434224149.759114, 26.000000, 38
1434224149.779190, 26.000000, 38
1434224149.799226, 26.000000, 38
1434224149.819200, 26.000000, 38
1434224149.839286, 26.000000, 38
1434224149.859198, 26.000000, 38
1434224149.879159, 26.000000, 38
1434224149.899259, 26.000000, 38
1434224149.919212, 26.000000, 38
1434224149.939229, 26.000000, 38
1434224149.959126, 26.000000, 38
1434224149.979220, 26.000000, 38
1434224149.999149, 26.000000, 38
1434224150.019267, 26.000000, 38
1434224150.039177, 26.000000, 38
1434224150.059235, 26.000000, 38
1434224150.079264, 26.000000, 38
1434224150.099171, 26.000000, 38
1434224150.119380, 26.000000, 38
1434224150.139119, 26.000000, 38
1434224150.159222, 26.000000, 38
1434224150.179147, 26.000000, 38
1434224150.199251, 26.000000, 38
1434224150.219166, 26.000000, 38
1434224150.239229, 26.000000, 38
1434224150.259188, 26.000000, 38
1434224150.279071, 26.000000, 38
1434224150.299136, 26.000000, 38
1434224150.319111, 26.000000, 38
1434224150.339090, 26.000000, 38
1434224150.359171, 26.000000, 38
1434224150.379106, 26.000000, 38
1434224150.399149, 26.000000, 38
1434224150.419146, 26.000000, 38
1434224150.439058, 26.000000, 38
1434224150.459183, 26.000000, 38
1434224150.478865, 25.000000, 38
1434224150.499202, 26.000000, 38
1434224150.519397, 26.000000, 38
1434224150.539568, 25.000000, 38
1434224150.560532, 26.000000, 38
1434224150.580323, 26.000000, 38
1434224150.603214, 28.000000, 38
1434224150.624191, 28.000000, 38
1434224150.643313, 24.000000, 38
1434224150.663291, 24.000000, 38
1434224150.683328, 25.000000, 38
1434224150.703222, 25.000000, 38
1434224150.723311, 25.000000, 38
1434224150.743247, 25.000000, 38
1434224150.764095, 25.000000, 38
1434224150.784232, 25.000000, 38
1434224150.805085, 26.000000, 38
1434224150.824192, 25.000000, 38
1434224150.845047, 26.000000, 38
1434224150.864230, 25.000000, 38
1434224150.885003, 26.000000, 38
1434224150.904248, 25.000000, 38
1434224150.924908, 26.000000, 38
1434224150.944223, 25.000000, 38
1434224150.964927, 26.000000, 38
1434224150.984234, 25.000000, 38
1434224151.004831, 25.000000, 38
1434224151.024214, 25.000000, 38
1434224151.044687, 26.000000, 38
1434224151.065122, 25.000000, 38
1434224151.084515, 25.000000, 38
1434224151.106116, 26.000000, 38
1434224151.125580, 26.000000, 38
1434224151.145383, 25.000000, 38
1434224151.165595, 26.000000, 38
1434224151.185416, 26.000000, 38
1434224151.205419, 26.000000, 38
1434224151.225304, 25.000000, 38
1434224151.245395, 26.000000, 38
1434224151.265263, 25.000000, 38
1434224151.285368, 25.000000, 38
1434224151.305284, 25.000000, 38
1434224151.326232, 25.000000, 38
1434224151.346258, 25.000000, 38
1434224151.367182, 25.000000, 38
1434224151.387297, 25.000000, 38
1434224151.408099, 25.000000, 38
1434224151.428285, 25.000000, 38
1434224151.449037, 26.000000, 38
1434224151.468318, 25.000000, 38
1434224151.488947, 26.000000, 38
1434224151.508259, 25.000000, 38
1434224151.528959, 26.000000, 38
1434224151.548262, 25.000000, 38
1434224151.567834, 24.000000, 38
1434224151.588109, 25.000000, 38
1434224151.607772, 25.000000, 38
1434224151.627910, 25.000000, 38
1434224151.647622, 25.000000, 38
1434224151.667707, 24.000000, 38
1434224151.687375, 25.000000, 38
1434224151.707480, 25.000000, 38
1434224151.728229, 24.000000, 38
1434224151.748368, 24.000000, 38
1434224151.769972, 26.000000, 38
1434224151.789313, 25.000000, 38
1434224151.809254, 24.000000, 38
1434224151.829193, 25.000000, 38
1434224151.850770, 25.000000, 38
1434224151.870235, 25.000000, 38
1434224151.891094, 26.000000, 38
1434224151.910278, 25.000000, 38
1434224151.929652, 24.000000, 38
1434224151.951377, 25.000000, 38
1434224151.972338, 27.000000, 38
1434224151.989911, 24.000000, 38
1434224152.011626, 25.000000, 38
1434224152.032590, 25.000000, 38
1434224152.052460, 25.000000, 38
1434224152.073049, 26.000000, 38
1434224152.092227, 25.000000, 38
1434224152.113016, 26.000000, 38
1434224152.132230, 25.000000, 38
1434224152.153015, 26.000000, 38
1434224152.172167, 25.000000, 38
1434224152.192915, 26.000000, 38
1434224152.213122, 25.000000, 38
1434224152.232807, 24.000000, 38
1434224152.254411, 25.000000, 38
1434224152.274747, 26.000000, 38
1434224152.294820, 25.000000, 38
1434224152.312572, 24.000000, 38
1434224152.334947, 27.000000, 38
1434224152.354390, 26.000000, 38
1434224152.375194, 24.000000, 38
1434224152.395524, 26.000000, 38
1434224152.416095, 26.000000, 38
1434224152.435599, 26.000000, 38
1434224152.455939, 26.000000, 38
1434224152.475629, 26.000000, 38
1434224152.495844, 25.000000, 38
1434224152.515609, 26.000000, 38
1434224152.535746, 26.000000, 38
1434224152.555571, 26.000000, 38
1434224152.575672, 26.000000, 38
1434224152.595600, 26.000000, 38
1434224152.615556, 26.000000, 38
1434224152.635494, 26.000000, 38
1434224152.655526, 26.000000, 38
1434224152.675446, 26.000000, 38
1434224152.695450, 26.000000, 38
1434224152.715462, 26.000000, 38
1434224152.735375, 25.000000, 38
1434224152.755498, 26.000000, 38
1434224152.775374, 25.000000, 38
1434224152.795355, 25.000000, 38
1434224152.815391, 25.000000, 38
1434224152.835327, 25.000000, 38
1434224152.855239, 25.000000, 38
1434224152.875327, 25.000000, 38
1434224152.896216, 25.000000, 38
1434224152.917801, 25.000000, 38
1434224152.937123, 25.000000, 38
1434224152.957050, 25.000000, 38
1434224152.978583, 26.000000, 38
1434224152.998246, 25.000000, 38
1434224153.015774, 24.000000, 38
1434224153.036026, 26.000000, 38
1434224153.058739, 26.000000, 38
1434224153.078490, 26.000000, 38
1434224153.095789, 24.000000, 38
1434224153.116218, 26.000000, 38
1434224153.138915, 27.000000, 38
1434224153.158467, 26.000000, 38
1434224153.175477, 23.000000, 38
1434224153.197065, 25.000000, 38
1434224153.218695, 26.000000, 38
1434224153.240062, 26.000000, 38
1434224153.256793, 24.000000, 38
1434224153.277800, 24.000000, 38
1434224153.300430, 25.000000, 38
1434224153.317730, 25.000000, 38
1434224153.338732, 24.000000, 38
1434224153.361185, 26.000000, 38
1434224153.377823, 25.000000, 38
1434224153.398853, 23.000000, 38
1434224153.422567, 25.000000, 38
1434224153.439311, 27.000000, 38
1434224153.459215, 22.000000, 38
1434224153.479313, 23.000000, 38
1434224153.499243, 23.000000, 38
1434224153.519303, 23.000000, 38
1434224153.539276, 23.000000, 38
1434224153.559961, 24.000000, 38
1434224153.580381, 26.000000, 38
1434224153.599917, 25.000000, 38
1434224153.620545, 26.000000, 38
1434224153.639957, 26.000000, 38
1434224153.660508, 26.000000, 38
1434224153.679326, 25.000000, 38
1434224153.699729, 23.000000, 38
1434224153.719687, 23.000000, 38
1434224153.741512, 24.000000, 38
1434224153.764193, 26.000000, 38
1434224153.785168, 28.000000, 38
1434224153.804541, 25.000000, 38
1434224153.824348, 24.000000, 38
1434224153.844567, 26.000000, 38
1434224153.864310, 25.000000, 38
1434224153.884444, 26.000000, 38
1434224153.904262, 25.000000, 38
1434224153.924342, 25.000000, 38
1434224153.944266, 25.000000, 38
1434224153.964235, 25.000000, 38
1434224153.985176, 25.000000, 38
1434224154.005325, 25.000000, 38
1434224154.026117, 26.000000, 38
1434224154.045330, 25.000000, 38
1434224154.066103, 26.000000, 38
1434224154.085330, 25.000000, 38
1434224154.106027, 26.000000, 38
1434224154.125433, 25.000000, 38
1434224154.145896, 25.000000, 38
1434224154.165485, 26.000000, 38
1434224154.185787, 26.000000, 38
1434224154.205488, 26.000000, 38
1434224154.225730, 26.000000, 38
1434224154.245504, 26.000000, 38
1434224154.265630, 26.000000, 38
1434224154.285534, 26.000000, 38
1434224154.305448, 26.000000, 38
1434224154.325498, 26.000000, 38
1434224154.345471, 26.000000, 38
1434224154.365424, 26.000000, 38
1434224154.385531, 26.000000, 38
1434224154.405394, 25.000000, 38
1434224154.425343, 25.000000, 38
1434224154.445365, 25.000000, 38
1434224154.465304, 25.000000, 38
1434224154.485203, 25.000000, 38
1434224154.505362, 25.000000, 38
1434224154.526215, 25.000000, 38
1434224154.546300, 25.000000, 38
1434224154.566919, 25.000000, 38
1434224154.588516, 25.000000, 38
1434224154.608417, 25.000000, 38
1434224154.628425, 25.000000, 38
1434224154.648321, 25.000000, 38
1434224154.668436, 26.000000, 38
1434224154.688258, 25.000000, 38
1434224154.708263, 25.000000, 38
1434224154.729229, 25.000000, 38
1434224154.749571, 24.000000, 38
1434224154.771199, 26.000000, 38
1434224154.790804, 26.000000, 38
1434224154.810337, 24.000000, 38
1434224154.830822, 26.000000, 38
1434224154.850473, 25.000000, 38
1434224154.868717, 24.000000, 38
1434224154.890567, 25.000000, 38
1434224154.911551, 26.000000, 38
1434224154.931722, 25.000000, 38
1434224154.952058, 26.000000, 38
1434224154.971506, 26.000000, 38
1434224154.992080, 26.000000, 38
1434224155.011524, 26.000000, 38
1434224155.031924, 26.000000, 38
1434224155.051513, 26.000000, 38
1434224155.071907, 26.000000, 38
1434224155.091493, 26.000000, 38
1434224155.111821, 25.000000, 38
1434224155.131527, 26.000000, 38
1434224155.151518, 26.000000, 38
1434224155.171547, 26.000000, 38
1434224155.191454, 26.000000, 38
1434224155.211513, 26.000000, 38
1434224155.231469, 26.000000, 38
1434224155.251465, 26.000000, 38
1434224155.271268, 25.000000, 38
1434224155.291347, 25.000000, 38
1434224155.311293, 25.000000, 38
1434224155.332177, 25.000000, 38
1434224155.352412, 25.000000, 38
1434224155.373035, 26.000000, 38
1434224155.392386, 26.000000, 38
1434224155.412997, 26.000000, 38
1434224155.432400, 26.000000, 38
1434224155.452901, 26.000000, 38
1434224155.472400, 26.000000, 38
1434224155.492708, 25.000000, 38
1434224155.512461, 26.000000, 38
1434224155.532546, 26.000000, 38
1434224155.552542, 26.000000, 38
1434224155.572396, 25.000000, 38
1434224155.592453, 26.000000, 38
1434224155.612234, 25.000000, 38
1434224155.632382, 26.000000, 38
1434224155.651361, 24.000000, 38
1434224155.671561, 23.000000, 38
1434224155.692499, 24.000000, 38
1434224155.711690, 23.000000, 38
1434224155.733258, 24.000000, 38
1434224155.752860, 24.000000, 38
1434224155.772731, 22.000000, 38
1434224155.793002, 25.000000, 38
1434224155.812741, 23.000000, 38
1434224155.833187, 24.000000, 38
1434224155.854808, 26.000000, 38
1434224155.875741, 25.000000, 38
1434224155.895953, 26.000000, 38
1434224155.916192, 25.000000, 38
1434224155.936782, 25.000000, 38
1434224155.957261, 25.000000, 38
1434224155.977687, 26.000000, 38
1434224155.997378, 25.000000, 38
1434224156.015632, 25.000000, 38
1434224156.038537, 25.000000, 38
1434224156.059523, 28.000000, 38
1434224156.075513, 24.000000, 38
1434224156.095769, 24.000000, 38
1434224156.119173, 26.000000, 38
1434224156.135681, 27.000000, 38
1434224156.155971, 26.000000, 38
1434224156.179110, 26.000000, 38
1434224156.195791, 26.000000, 38
1434224156.216773, 25.000000, 38
1434224156.239403, 25.000000, 38
1434224156.257577, 26.000000, 38
1434224156.278580, 26.000000, 38
1434224156.301073, 26.000000, 38
1434224156.318697, 25.000000, 38
1434224156.340087, 25.000000, 38
1434224156.359201, 26.000000, 38
1434224156.379311, 25.000000, 38
1434224156.399248, 26.000000, 38
1434224156.419370, 26.000000, 38
1434224156.439303, 26.000000, 38
1434224156.459362, 26.000000, 38
1434224156.479400, 26.000000, 38
1434224156.499335, 26.000000, 38
1434224156.519516, 26.000000, 38
1434224156.539340, 26.000000, 38
1434224156.559480, 26.000000, 38
1434224156.579391, 26.000000, 38
1434224156.599528, 26.000000, 38
1434224156.619184, 26.000000, 38
1434224156.639652, 25.000000, 38
1434224156.660211, 26.000000, 38
1434224156.680651, 26.000000, 38
1434224156.700305, 26.000000, 38
1434224156.723210, 28.000000, 38
1434224156.744190, 28.000000, 38
1434224156.763362, 24.000000, 38
1434224156.783465, 25.000000, 38
1434224156.803356, 25.000000, 38
1434224156.823371, 25.000000, 38
1434224156.843278, 25.000000, 38
1434224156.863352, 25.000000, 38
1434224156.883296, 25.000000, 38
1434224156.903272, 25.000000, 38
1434224156.923331, 25.000000, 38
1434224156.944184, 25.000000, 38
1434224156.964384, 25.000000, 38
1434224156.985155, 26.000000, 38
1434224157.004384, 25.000000, 38
1434224157.025080, 26.000000, 38
1434224157.044436, 26.000000, 38
1434224157.064944, 26.000000, 38
1434224157.084535, 26.000000, 38
1434224157.104680, 25.000000, 38
1434224157.124565, 26.000000, 38
1434224157.144656, 26.000000, 38
1434224157.164572, 26.000000, 38
1434224157.184652, 26.000000, 38
1434224157.204422, 26.000000, 38
1434224157.224576, 26.000000, 38
1434224157.244377, 25.000000, 38
1434224157.264606, 26.000000, 38
1434224157.284362, 25.000000, 38
1434224157.304593, 26.000000, 38
1434224157.324374, 25.000000, 38
1434224157.344525, 26.000000, 38
1434224157.364426, 26.000000, 38
1434224157.384388, 25.000000, 38
1434224157.404355, 25.000000, 38
1434224157.424325, 25.000000, 38
1434224157.444289, 25.000000, 38
1434224157.465235, 25.000000, 38
1434224157.485430, 25.000000, 38
1434224157.506098, 26.000000, 38
1434224157.525468, 26.000000, 38
1434224157.546079, 26.000000, 38
1434224157.565245, 26.000000, 38
1434224157.586014, 26.000000, 38
1434224157.605271, 25.000000, 38
1434224157.625892, 25.000000, 38
1434224157.645422, 25.000000, 38
1434224157.665741, 26.000000, 38
1434224157.685506, 26.000000, 38
1434224157.705575, 26.000000, 38
1434224157.725631, 26.000000, 38
1434224157.745396, 25.000000, 38
1434224157.765739, 26.000000, 38
1434224157.785395, 25.000000, 38
1434224157.805575, 26.000000, 38
1434224157.825384, 25.000000, 38
1434224157.845423, 25.000000, 38
1434224157.865474, 25.000000, 38
1434224157.883442, 23.000000, 38
1434224157.906334, 25.000000, 38
1434224157.927309, 28.000000, 38
1434224157.946619, 25.000000, 38
1434224157.964387, 23.000000, 38
1434224157.984296, 23.000000, 38
1434224158.005903, 24.000000, 38
1434224158.027593, 25.000000, 38
1434224158.048579, 26.000000, 38
1434224158.067778, 25.000000, 38
1434224158.087775, 25.000000, 38
1434224158.107897, 27.000000, 38
1434224158.127563, 26.000000, 38
1434224158.147913, 26.000000, 38
1434224158.167599, 26.000000, 38
1434224158.187765, 25.000000, 38
1434224158.207656, 26.000000, 38
1434224158.227700, 26.000000, 38
1434224158.247685, 26.000000, 38
1434224158.266186, 25.000000, 38
1434224158.287855, 26.000000, 38
1434224158.307366, 25.000000, 38
1434224158.326964, 25.000000, 38
1434224158.347290, 25.000000, 38
1434224158.368062, 26.000000, 38
1434224158.388173, 25.000000, 38
1434224158.409137, 26.000000, 38
1434224158.428847, 24.000000, 38
1434224158.450442, 26.000000, 38
1434224158.469724, 26.000000, 38
1434224158.489795, 25.000000, 38
1434224158.509723, 26.000000, 38
1434224158.529645, 26.000000, 38
1434224158.549810, 26.000000, 38
1434224158.569631, 26.000000, 38
1434224158.589670, 26.000000, 38
1434224158.609681, 26.000000, 38
1434224158.629601, 26.000000, 38
1434224158.649650, 26.000000, 38
1434224158.669600, 26.000000, 38
1434224158.689608, 26.000000, 38
1434224158.709561, 26.000000, 38
1434224158.729565, 26.000000, 38
1434224158.749548, 26.000000, 38
1434224158.769588, 26.000000, 38
1434224158.789504, 26.000000, 38
1434224158.809547, 26.000000, 38
1434224158.829511, 26.000000, 38
1434224158.849502, 26.000000, 38
1434224158.869468, 26.000000, 38
1434224158.889580, 26.000000, 38
1434224158.909455, 26.000000, 38
1434224158.929558, 26.000000, 38
1434224158.949447, 25.000000, 38
1434224158.969473, 26.000000, 38
1434224158.989470, 26.000000, 38
1434224159.009462, 25.000000, 38
1434224159.029054, 25.000000, 38
1434224159.048168, 23.000000, 38
1434224159.069040, 24.000000, 38
1434224159.091517, 25.000000, 38
1434224159.112503, 27.000000, 38
1434224159.131456, 25.000000, 38
1434224159.151904, 26.000000, 38
1434224159.171528, 26.000000, 38
1434224159.191769, 25.000000, 38
1434224159.211600, 26.000000, 38
1434224159.231603, 26.000000, 38
1434224159.251547, 26.000000, 38
1434224159.271631, 26.000000, 38
1434224159.291531, 26.000000, 38
1434224159.311439, 26.000000, 38
1434224159.331605, 26.000000, 38
1434224159.351412, 25.000000, 38
1434224159.371575, 26.000000, 38
1434224159.391468, 26.000000, 38
1434224159.411408, 25.000000, 38
1434224159.431469, 25.000000, 38
1434224159.451417, 25.000000, 38
1434224159.471440, 25.000000, 38
1434224159.491402, 25.000000, 38
1434224159.511384, 25.000000, 38
1434224159.531335, 25.000000, 38
1434224159.551453, 25.000000, 38
1434224159.570855, 24.000000, 38
1434224159.591545, 25.000000, 38
1434224159.610746, 25.000000, 38
1434224159.631411, 25.000000, 38
1434224159.651791, 26.000000, 38
1434224159.671264, 25.000000, 38
1434224159.691797, 26.000000, 38
1434224159.711335, 25.000000, 38
1434224159.731706, 26.000000, 38
1434224159.751353, 25.000000, 38
1434224159.771658, 26.000000, 38
1434224159.791414, 25.000000, 38
1434224159.811534, 26.000000, 38
1434224159.831367, 25.000000, 38
1434224159.851445, 26.000000, 38
1434224159.871320, 25.000000, 38
1434224159.891359, 25.000000, 38
1434224159.912255, 25.000000, 38
1434224159.932313, 25.000000, 38
1434224159.953259, 26.000000, 38
1434224159.972283, 25.000000, 38
1434224159.993194, 25.000000, 38
1434224160.013217, 25.000000, 38
1434224160.033089, 25.000000, 38
1434224160.054682, 25.000000, 38
1434224160.075639, 26.000000, 38
1434224160.094826, 25.000000, 38
1434224160.112921, 24.000000, 38
1434224160.134789, 26.000000, 38
1434224160.154469, 25.000000, 38
1434224160.175035, 26.000000, 38
1434224160.194493, 26.000000, 38
1434224160.214967, 26.000000, 38
1434224160.232337, 24.000000, 38
1434224160.252431, 23.000000, 38
1434224160.273282, 24.000000, 38
1434224160.294896, 26.000000, 38
1434224160.315165, 26.000000, 38
1434224160.335114, 25.000000, 38
1434224160.355130, 26.000000, 38
1434224160.375044, 26.000000, 38
1434224160.395218, 26.000000, 38
1434224160.412833, 23.000000, 38
1434224160.435300, 26.000000, 38
1434224160.454867, 27.000000, 38
1434224160.472218, 22.000000, 38
1434224160.492477, 24.000000, 38
1434224160.513085, 24.000000, 38
1434224160.534682, 25.000000, 38
1434224160.555640, 26.000000, 38
1434224160.575063, 26.000000, 38
1434224160.592469, 23.000000, 38
1434224160.614965, 26.000000, 38
1434224160.634420, 26.000000, 38
1434224160.655115, 25.000000, 38
1434224160.674536, 26.000000, 38
1434224160.695057, 26.000000, 38
1434224160.712332, 24.000000, 38
1434224160.732581, 23.000000, 38
1434224160.754456, 25.000000, 38
1434224160.775432, 27.000000, 38
1434224160.794788, 25.000000, 38
1434224160.814803, 25.000000, 38
1434224160.832768, 24.000000, 38
1434224160.854367, 26.000000, 38
1434224160.874080, 26.000000, 38
1434224160.894781, 25.000000, 38
1434224160.915161, 26.000000, 38
1434224160.934610, 26.000000, 38
1434224160.955225, 25.000000, 38
1434224160.975682, 26.000000, 38
1434224160.996116, 26.000000, 38
1434224161.015737, 26.000000, 38
1434224161.035909, 26.000000, 38
1434224161.055728, 26.000000, 38
1434224161.075779, 25.000000, 38
1434224161.095710, 26.000000, 38
1434224161.115814, 26.000000, 38
1434224161.135621, 26.000000, 38
1434224161.155624, 26.000000, 38
1434224161.175667, 26.000000, 38
1434224161.195531, 26.000000, 38
1434224161.215592, 26.000000, 38
1434224161.235471, 25.000000, 38
1434224161.255563, 26.000000, 38
1434224161.276347, 26.000000, 38
1434224161.294137, 24.000000, 38
1434224161.315960, 26.000000, 38
1434224161.335673, 26.000000, 38
1434224161.356091, 25.000000, 38
1434224161.375627, 26.000000, 38
1434224161.396090, 26.000000, 38
1434224161.414672, 25.000000, 38
1434224161.436265, 26.000000, 38
1434224161.455579, 26.000000, 38
1434224161.475506, 25.000000, 38
1434224161.495486, 26.000000, 38
1434224161.515519, 26.000000, 38
1434224161.535440, 25.000000, 38
1434224161.555510, 25.000000, 38
1434224161.575384, 25.000000, 38
1434224161.595474, 25.000000, 38
1434224161.615385, 25.000000, 38
1434224161.635305, 25.000000, 38
1434224161.655346, 25.000000, 38
1434224161.676308, 25.000000, 38
1434224161.696290, 25.000000, 38
1434224161.717208, 26.000000, 38
1434224161.736332, 25.000000, 38
1434224161.757108, 26.000000, 38
1434224161.776328, 25.000000, 38
1434224161.797224, 25.000000, 38
1434224161.817219, 25.000000, 38
1434224161.837175, 25.000000, 38
1434224161.858135, 26.000000, 38
1434224161.878275, 25.000000, 38
1434224161.895781, 24.000000, 38
1434224161.915993, 26.000000, 38
1434224161.938888, 26.000000, 38
1434224161.958539, 26.000000, 38
1434224161.975946, 26.000000, 38
1434224161.996258, 26.000000, 38
1434224162.019114, 26.000000, 38
1434224162.036660, 26.000000, 38
1434224162.057907, 25.000000, 38
1434224162.080496, 25.000000, 38
1434224162.098211, 26.000000, 38
1434224162.118414, 24.000000, 38
1434224162.140581, 24.000000, 38
1434224162.158319, 26.000000, 38
1434224162.177873, 24.000000, 38
1434224162.197812, 24.000000, 38
1434224162.218691, 25.000000, 38
1434224162.238900, 26.000000, 